4.981490e-04 1.241222e-04 0.000000e+00 5.064802e-04 1.271853e-03 1.751679e-03 
5.123630e-04 1.169442e-04 0.000000e+00 4.969492e-04 1.308492e-03 1.730811e-03 
5.215504e-04 1.100161e-04 0.000000e+00 4.956382e-04 1.355202e-03 1.711103e-03 
5.316832e-04 1.033318e-04 0.000000e+00 4.941488e-04 1.424285e-03 1.698414e-03 
5.368220e-04 9.684602e-05 0.000000e+00 4.875619e-04 1.401661e-03 1.649144e-03 
5.398095e-04 9.061015e-05 0.000000e+00 4.878479e-04 1.432389e-03 1.620053e-03 
5.477385e-04 8.456131e-05 0.000000e+00 4.893473e-04 1.494646e-03 1.601373e-03 
5.482989e-04 7.876166e-05 0.000000e+00 4.864946e-04 1.525677e-03 1.568371e-03 
5.563259e-04 7.318762e-05 0.000000e+00 4.902757e-04 1.586079e-03 1.546027e-03 
5.553866e-04 6.782841e-05 0.000000e+00 4.924544e-04 1.612797e-03 1.512039e-03 
5.552425e-04 6.268816e-05 0.000000e+00 4.945469e-04 1.647171e-03 1.479695e-03 
5.667506e-04 5.774698e-05 0.000000e+00 4.960235e-04 1.713658e-03 1.450086e-03 
5.660132e-04 5.305179e-05 0.000000e+00 4.994176e-04 1.757403e-03 1.416013e-03 
5.620344e-04 4.855689e-05 0.000000e+00 5.063078e-04 1.799087e-03 1.381324e-03 
5.509897e-04 4.428039e-05 0.000000e+00 5.079607e-04 1.808303e-03 1.341862e-03 
5.513519e-04 4.020977e-05 1.863086e-07 5.189408e-04 1.876623e-03 1.307832e-03 
5.508898e-04 3.635419e-05 2.091551e-06 5.246666e-04 1.912125e-03 1.270373e-03 
5.385382e-04 3.270436e-05 5.083829e-06 5.378311e-04 1.924899e-03 1.237140e-03 
5.341238e-04 2.928944e-05 1.131663e-05 5.436448e-04 1.961126e-03 1.202083e-03 
5.269192e-04 2.607416e-05 2.017050e-05 5.649259e-04 2.022494e-03 1.173968e-03 
5.165435e-04 2.307190e-05 3.024175e-05 5.670023e-04 2.026841e-03 1.142461e-03 
5.084202e-04 2.027575e-05 4.168968e-05 5.877316e-04 2.066844e-03 1.115567e-03 
4.996801e-04 1.766601e-05 5.567027e-05 6.034610e-04 2.097846e-03 1.088629e-03 
4.894542e-04 1.528081e-05 7.226546e-05 6.288071e-04 2.143698e-03 1.065201e-03 
4.789507e-04 1.308240e-05 8.964436e-05 6.423408e-04 2.163991e-03 1.041583e-03 
4.674123e-04 1.109206e-05 1.059204e-04 6.523832e-04 2.171942e-03 1.015810e-03 
4.568670e-04 9.290216e-06 1.246138e-04 6.777929e-04 2.197227e-03 9.976341e-04 
4.450198e-04 7.662436e-06 1.442755e-04 7.106484e-04 2.237001e-03 9.758745e-04 
4.332289e-04 6.231149e-06 1.634286e-04 7.281033e-04 2.244556e-03 9.569833e-04 
4.219658e-04 4.970331e-06 1.890918e-04 7.656392e-04 2.290799e-03 9.377962e-04 
4.095039e-04 3.873854e-06 2.033547e-04 7.850016e-04 2.282665e-03 9.213036e-04 
3.975812e-04 2.959193e-06 2.275405e-04 7.998905e-04 2.292914e-03 8.997734e-04 
3.855782e-04 2.175668e-06 2.538208e-04 8.302975e-04 2.314215e-03 8.850309e-04 
3.735252e-04 1.552419e-06 2.720591e-04 8.745869e-04 2.336604e-03 8.689675e-04 
3.614035e-04 1.049974e-06 2.961415e-04 8.950765e-04 2.337253e-03 8.546672e-04 
3.495008e-04 6.710467e-07 3.147877e-04 9.329928e-04 2.346755e-03 8.407978e-04 
3.375128e-04 3.923974e-07 3.347275e-04 9.500544e-04 2.335824e-03 8.275058e-04 
3.257916e-04 2.080210e-07 3.576416e-04 9.988837e-04 2.354186e-03 8.170821e-04 
3.141305e-04 9.397303e-08 3.803225e-04 1.032502e-03 2.357652e-03 8.036036e-04 
3.025669e-04 3.178369e-08 3.962833e-04 1.054081e-03 2.344083e-03 7.896197e-04 
2.912035e-04 6.726790e-09 4.246968e-04 1.116113e-03 2.368681e-03 7.796786e-04 
2.798543e-04 4.112364e-10 4.384323e-04 1.144615e-03 2.353687e-03 7.699082e-04 
2.690321e-04 0.000000e+00 4.645663e-04 1.206481e-03 2.370006e-03 7.619328e-04 
2.580497e-04 0.000000e+00 4.791175e-04 1.237472e-03 2.354916e-03 7.507196e-04 
2.474786e-04 0.000000e+00 5.002555e-04 1.305402e-03 2.365079e-03 7.479804e-04 
2.368403e-04 0.000000e+00 5.139689e-04 1.346688e-03 2.351441e-03 7.425635e-04 
2.267385e-04 0.000000e+00 5.340580e-04 1.396328e-03 2.346188e-03 7.349785e-04 
2.166307e-04 0.000000e+00 5.388589e-04 1.407721e-03 2.309925e-03 7.287933e-04 
2.069580e-04 0.000000e+00 5.595098e-04 1.461874e-03 2.303659e-03 7.197245e-04 
1.973318e-04 0.000000e+00 5.686802e-04 1.510373e-03 2.287351e-03 7.250574e-04 
1.879986e-04 0.000000e+00 5.845327e-04 1.536718e-03 2.262641e-03 7.085644e-04 
1.788562e-04 0.000000e+00 5.925922e-04 1.635878e-03 2.266426e-03 7.255595e-04 
1.699136e-04 0.000000e+00 6.114010e-04 1.631578e-03 2.225030e-03 6.982066e-04 
1.612349e-04 0.000000e+00 6.139511e-04 1.703828e-03 2.212424e-03 7.077692e-04 
1.527535e-04 0.000000e+00 6.247658e-04 1.805769e-03 2.209965e-03 7.108286e-04 
1.445296e-04 0.000000e+00 6.262404e-04 1.778006e-03 2.155496e-03 7.024167e-04 
1.365319e-04 0.000000e+00 6.345259e-04 1.779940e-03 2.115007e-03 7.051146e-04 
1.287250e-04 0.000000e+00 6.426421e-04 1.870272e-03 2.102923e-03 7.090637e-04 
1.211933e-04 0.000000e+00 6.497082e-04 1.945652e-03 2.082052e-03 7.116785e-04 
1.138781e-04 0.000000e+00 6.543982e-04 2.000674e-03 2.052694e-03 7.126286e-04 
1.068086e-04 0.000000e+00 6.548672e-04 2.053286e-03 2.023121e-03 7.217898e-04 
9.997278e-05 0.000000e+00 6.587410e-04 2.082587e-03 1.986569e-03 7.256615e-04 
9.338401e-05 0.000000e+00 6.554664e-04 2.115034e-03 1.948159e-03 7.244128e-04 
8.697723e-05 0.000000e+00 6.583226e-04 2.199929e-03 1.920335e-03 7.389294e-04 
8.090410e-05 0.000000e+00 6.497713e-04 2.202865e-03 1.879289e-03 7.489755e-04 
7.498759e-05 0.000000e+00 6.526930e-04 2.273444e-03 1.843443e-03 7.556743e-04 
6.936277e-05 0.000000e+00 6.448265e-04 2.329275e-03 1.809092e-03 7.735015e-04 
6.393094e-05 0.000000e+00 6.395208e-04 2.348939e-03 1.768494e-03 7.835096e-04 
5.876347e-05 7.638106e-07 6.327864e-04 2.388152e-03 1.730247e-03 7.968160e-04 
5.380647e-05 3.138817e-06 6.265995e-04 2.406933e-03 1.689584e-03 8.013827e-04 
4.912590e-05 6.920832e-06 6.173171e-04 2.430995e-03 1.652456e-03 8.130598e-04 
4.464371e-05 1.430828e-05 6.120681e-04 2.481601e-03 1.619340e-03 8.315120e-04 
4.041236e-05 2.116386e-05 6.035304e-04 2.513501e-03 1.586884e-03 8.528985e-04 
3.640515e-05 3.174115e-05 5.989591e-04 2.511677e-03 1.552864e-03 8.535478e-04 
3.261226e-05 4.478653e-05 5.890653e-04 2.600798e-03 1.528497e-03 9.005693e-04 
2.907346e-05 6.042098e-05 5.797232e-04 2.637780e-03 1.494853e-03 9.108250e-04 
2.574344e-05 7.499855e-05 5.693909e-04 2.647185e-03 1.472516e-03 9.311247e-04 
2.268203e-05 8.912409e-05 5.585144e-04 2.681183e-03 1.445262e-03 9.607890e-04 
1.977395e-05 1.083411e-04 5.480418e-04 2.732898e-03 1.422402e-03 9.994322e-04 
1.715236e-05 1.270841e-04 5.367561e-04 2.765763e-03 1.397943e-03 1.029597e-03 
1.475816e-05 1.493025e-04 5.263530e-04 2.799694e-03 1.373443e-03 1.057052e-03 
1.252408e-05 1.651682e-04 5.150356e-04 2.798144e-03 1.354502e-03 1.080864e-03 
1.051366e-05 1.880477e-04 5.038380e-04 2.832388e-03 1.332240e-03 1.115702e-03 
8.721731e-06 1.999536e-04 4.918095e-04 2.827407e-03 1.308707e-03 1.139786e-03 
7.106390e-06 2.275686e-04 4.801695e-04 2.867245e-03 1.298437e-03 1.190011e-03 
5.700336e-06 2.554439e-04 4.680156e-04 2.882623e-03 1.268634e-03 1.202770e-03 
4.431204e-06 2.704409e-04 4.560088e-04 2.882398e-03 1.256012e-03 1.239909e-03 
3.445816e-06 2.968270e-04 4.443489e-04 2.913870e-03 1.236840e-03 1.287361e-03 
2.554137e-06 3.119791e-04 4.322378e-04 2.911120e-03 1.224405e-03 1.324090e-03 
1.802614e-06 3.413635e-04 4.202308e-04 2.937158e-03 1.209574e-03 1.371530e-03 
1.228096e-06 3.614716e-04 4.082714e-04 2.954581e-03 1.198029e-03 1.429160e-03 
8.003367e-07 3.820219e-04 3.961105e-04 2.951723e-03 1.184641e-03 1.462711e-03 
4.706063e-07 4.056660e-04 3.843128e-04 2.952696e-03 1.164726e-03 1.492394e-03 
2.461904e-07 4.297472e-04 3.725253e-04 2.968268e-03 1.158329e-03 1.554409e-03 
1.069452e-07 4.433274e-04 3.608805e-04 2.947584e-03 1.137128e-03 1.572786e-03 
3.403359e-08 4.729309e-04 3.493146e-04 2.981680e-03 1.140833e-03 1.667146e-03 
4.862669e-09 4.890494e-04 3.375836e-04 2.964201e-03 1.125596e-03 1.694354e-03 
0.000000e+00 5.061149e-04 3.263788e-04 2.945446e-03 1.114585e-03 1.722072e-03 
0.000000e+00 5.274778e-04 3.150421e-04 2.952628e-03 1.106358e-03 1.790779e-03 
0.000000e+00 5.402401e-04 3.040881e-04 2.933229e-03 1.108530e-03 1.831156e-03 
0.000000e+00 5.659969e-04 2.930790e-04 2.936153e-03 1.092478e-03 1.891654e-03 
0.000000e+00 5.801479e-04 2.823470e-04 2.926382e-03 1.087832e-03 1.949482e-03 
0.000000e+00 5.938616e-04 2.717586e-04 2.918500e-03 1.091190e-03 2.017605e-03 
0.000000e+00 6.155208e-04 2.611783e-04 2.893074e-03 1.081522e-03 2.043341e-03 
0.000000e+00 6.206283e-04 2.508918e-04 2.883733e-03 1.093478e-03 2.124505e-03 
0.000000e+00 6.414120e-04 2.407650e-04 2.866479e-03 1.081146e-03 2.171722e-03 
0.000000e+00 6.497394e-04 2.308433e-04 2.831729e-03 1.062168e-03 2.189903e-03 
0.000000e+00 6.688775e-04 2.211286e-04 2.841809e-03 1.088337e-03 2.325946e-03 
0.000000e+00 6.737137e-04 2.115363e-04 2.790572e-03 1.069281e-03 2.306772e-03 
0.000000e+00 6.920707e-04 2.021656e-04 2.745994e-03 1.036244e-03 2.296203e-03 
0.000000e+00 6.853973e-04 1.930471e-04 2.748112e-03 1.092202e-03 2.445407e-03 
0.000000e+00 7.044999e-04 1.840348e-04 2.691301e-03 1.058744e-03 2.401768e-03 
0.000000e+00 7.105000e-04 1.752898e-04 2.689104e-03 1.078902e-03 2.543861e-03 
0.000000e+00 7.135801e-04 1.666943e-04 2.674043e-03 1.088444e-03 2.670904e-03 
0.000000e+00 7.217725e-04 1.582961e-04 2.608138e-03 1.087287e-03 2.580701e-03 
0.000000e+00 7.330891e-04 1.501928e-04 2.597469e-03 1.099213e-03 2.730126e-03 
0.000000e+00 7.291108e-04 1.422358e-04 2.570113e-03 1.105856e-03 2.831133e-03 
0.000000e+00 7.286317e-04 1.344668e-04 2.513287e-03 1.132406e-03 2.759137e-03 
0.000000e+00 7.394307e-04 1.269889e-04 2.490292e-03 1.150142e-03 2.873536e-03 
0.000000e+00 7.441685e-04 1.196801e-04 2.461152e-03 1.154391e-03 3.012878e-03 
0.000000e+00 7.413701e-04 1.126230e-04 2.409352e-03 1.157953e-03 2.995612e-03 
0.000000e+00 7.239321e-04 1.057121e-04 2.353462e-03 1.156726e-03 2.911850e-03 
0.000000e+00 7.352008e-04 9.903661e-05 2.323808e-03 1.177908e-03 3.075030e-03 
0.000000e+00 7.376435e-04 9.267726e-05 2.280898e-03 1.193716e-03 3.123218e-03 
0.000000e+00 7.461376e-04 8.643939e-05 2.233105e-03 1.200992e-03 3.189196e-03 
1.871718e-06 7.401711e-04 8.044167e-05 2.197290e-03 1.247611e-03 3.282487e-03 
2.452376e-06 7.081117e-04 7.468337e-05 2.155805e-03 1.263578e-03 3.207732e-03 
9.321134e-06 7.110969e-04 6.913035e-05 2.116047e-03 1.285309e-03 3.292200e-03 
1.775455e-05 7.082082e-04 6.379068e-05 2.073693e-03 1.289995e-03 3.313098e-03 
3.191386e-05 7.098215e-04 5.875073e-05 2.043777e-03 1.327858e-03 3.393156e-03 
4.625114e-05 7.031970e-04 5.388266e-05 2.010703e-03 1.359899e-03 3.454633e-03 
5.868642e-05 6.973956e-04 4.919905e-05 1.980651e-03 1.390406e-03 3.469069e-03 
7.489320e-05 6.887202e-04 4.484771e-05 1.943171e-03 1.391261e-03 3.476325e-03 
9.039365e-05 6.775512e-04 4.067397e-05 1.921847e-03 1.440827e-03 3.513825e-03 
1.066355e-04 6.685974e-04 3.672225e-05 1.895018e-03 1.487594e-03 3.558271e-03 
1.288024e-04 6.576888e-04 3.293655e-05 1.860963e-03 1.508010e-03 3.595659e-03 
1.565427e-04 6.514675e-04 2.937003e-05 1.834759e-03 1.523987e-03 3.626808e-03 
1.789442e-04 6.417832e-04 2.603820e-05 1.813798e-03 1.601961e-03 3.701267e-03 
2.004880e-04 6.338472e-04 2.296978e-05 1.789142e-03 1.616202e-03 3.696305e-03 
2.330664e-04 6.239132e-04 2.016805e-05 1.770430e-03 1.686770e-03 3.775046e-03 
2.543772e-04 6.153300e-04 1.753904e-05 1.752941e-03 1.744487e-03 3.801303e-03 
2.764281e-04 6.048455e-04 1.510743e-05 1.733245e-03 1.772696e-03 3.800954e-03 
3.053757e-04 5.942192e-04 1.289495e-05 1.713194e-03 1.836747e-03 3.851275e-03 
3.256187e-04 5.836747e-04 1.091207e-05 1.689050e-03 1.861109e-03 3.843144e-03 
3.588785e-04 5.735155e-04 9.045018e-06 1.670783e-03 1.898181e-03 3.865139e-03 
3.858816e-04 5.621960e-04 7.429875e-06 1.658373e-03 1.978429e-03 3.906200e-03 
4.090472e-04 5.512198e-04 6.016992e-06 1.644978e-03 2.038868e-03 3.923529e-03 
4.363245e-04 5.401827e-04 4.735264e-06 1.616309e-03 2.028413e-03 3.895926e-03 
4.649938e-04 5.291501e-04 3.707325e-06 1.616116e-03 2.139201e-03 3.948545e-03 
4.905994e-04 5.178924e-04 2.757531e-06 1.588564e-03 2.155395e-03 3.935725e-03 
5.164693e-04 5.067105e-04 2.054520e-06 1.575662e-03 2.207272e-03 3.942874e-03 
5.319625e-04 4.949870e-04 1.436395e-06 1.572937e-03 2.282517e-03 3.945550e-03 
5.738193e-04 4.837438e-04 9.415708e-07 1.567726e-03 2.397961e-03 4.003756e-03 
5.971350e-04 4.721876e-04 5.850720e-07 1.539007e-03 2.407544e-03 3.980403e-03 
6.172263e-04 4.605705e-04 3.100796e-07 1.545075e-03 2.506036e-03 3.993282e-03 
6.364379e-04 4.490657e-04 1.562036e-07 1.534444e-03 2.564491e-03 3.986336e-03 
6.698273e-04 4.376896e-04 5.661399e-08 1.534597e-03 2.661717e-03 4.009408e-03 
6.962814e-04 4.258893e-04 1.122094e-08 1.522442e-03 2.702954e-03 3.996118e-03 
7.114897e-04 4.148811e-04 0.000000e+00 1.513085e-03 2.755763e-03 3.977702e-03 
7.285236e-04 4.034224e-04 0.000000e+00 1.511431e-03 2.790198e-03 3.947340e-03 
7.552996e-04 3.921566e-04 0.000000e+00 1.500353e-03 2.879438e-03 3.955967e-03 
7.752768e-04 3.809333e-04 0.000000e+00 1.501921e-03 2.935700e-03 3.937088e-03 
7.892270e-04 3.695856e-04 0.000000e+00 1.503191e-03 3.009363e-03 3.921663e-03 
8.202673e-04 3.586207e-04 0.000000e+00 1.498189e-03 3.111180e-03 3.929017e-03 
8.280722e-04 3.476506e-04 0.000000e+00 1.505369e-03 3.124159e-03 3.879074e-03 
8.340138e-04 3.366329e-04 0.000000e+00 1.513920e-03 3.194163e-03 3.854522e-03 
8.580426e-04 3.259081e-04 0.000000e+00 1.518555e-03 3.281194e-03 3.844388e-03 
8.674035e-04 3.152532e-04 0.000000e+00 1.543224e-03 3.412555e-03 3.840576e-03 
8.927326e-04 3.046005e-04 0.000000e+00 1.538430e-03 3.486604e-03 3.822561e-03 
8.990130e-04 2.942672e-04 0.000000e+00 1.527768e-03 3.525621e-03 3.782029e-03 
9.145813e-04 2.838174e-04 0.000000e+00 1.505392e-03 3.533690e-03 3.736962e-03 
9.321520e-04 2.736907e-04 0.000000e+00 1.556457e-03 3.754191e-03 3.752597e-03 
9.329003e-04 2.636362e-04 0.000000e+00 1.560594e-03 3.784866e-03 3.706778e-03 
9.392112e-04 2.536974e-04 0.000000e+00 1.517771e-03 3.703563e-03 3.628323e-03 
9.521653e-04 2.439894e-04 0.000000e+00 1.589028e-03 3.984681e-03 3.649762e-03 
9.549674e-04 2.343361e-04 0.000000e+00 1.589662e-03 3.951837e-03 3.588678e-03 
9.683767e-04 2.249194e-04 0.000000e+00 1.613554e-03 4.120451e-03 3.573584e-03 
9.678249e-04 2.155721e-04 0.000000e+00 1.624430e-03 4.112528e-03 3.516213e-03 
9.716034e-04 2.065002e-04 0.000000e+00 1.640775e-03 4.219553e-03 3.482909e-03 
9.768895e-04 1.975847e-04 0.000000e+00 1.663865e-03 4.248898e-03 3.435387e-03 
9.717739e-04 1.888144e-04 0.000000e+00 1.700998e-03 4.395962e-03 3.405724e-03 
9.788560e-04 1.802118e-04 0.000000e+00 1.725945e-03 4.343232e-03 3.344896e-03 
9.775747e-04 1.717691e-04 0.000000e+00 1.752108e-03 4.572823e-03 3.319335e-03 
9.747417e-04 1.635573e-04 0.000000e+00 1.757487e-03 4.438482e-03 3.245152e-03 
9.850622e-04 1.554610e-04 0.000000e+00 1.784627e-03 4.640138e-03 3.212989e-03 
9.803124e-04 1.477320e-04 0.000000e+00 1.822488e-03 4.764410e-03 3.167352e-03 
9.626523e-04 1.400283e-04 0.000000e+00 1.817196e-03 4.634794e-03 3.099989e-03 
9.743499e-04 1.325945e-04 0.000000e+00 1.871166e-03 4.852071e-03 3.062336e-03 
9.669072e-04 1.253205e-04 0.000000e+00 1.929593e-03 4.900270e-03 3.013153e-03 
9.530801e-04 1.182572e-04 0.000000e+00 1.951047e-03 4.904893e-03 2.961208e-03 
9.617393e-04 1.113770e-04 4.881552e-06 1.987064e-03 5.018316e-03 2.910435e-03 
9.597737e-04 1.047624e-04 1.513327e-05 2.072797e-03 5.151241e-03 2.876709e-03 
9.276105e-04 9.838061e-05 2.142119e-05 2.089195e-03 5.118732e-03 2.827057e-03 
9.344550e-04 9.212934e-05 3.906778e-05 2.122082e-03 5.151066e-03 2.791372e-03 
9.391702e-04 8.606365e-05 5.969933e-05 2.168020e-03 5.246483e-03 2.752020e-03 
8.967923e-04 8.032946e-05 6.825985e-05 2.251282e-03 5.231463e-03 2.732137e-03 
9.008749e-04 7.469041e-05 9.811190e-05 2.257067e-03 5.305329e-03 2.687998e-03 
9.078415e-04 6.927550e-05 1.322807e-04 2.347685e-03 5.470795e-03 2.661030e-03 
9.018055e-04 6.411089e-05 1.592817e-04 2.390528e-03 5.489841e-03 2.635062e-03 
8.699509e-04 5.919287e-05 1.715786e-04 2.451812e-03 5.474112e-03 2.607098e-03 
8.707244e-04 5.437100e-05 2.039972e-04 2.537482e-03 5.572240e-03 2.584154e-03 
8.664925e-04 4.986125e-05 2.421028e-04 2.612795e-03 5.653620e-03 2.565017e-03 
8.552743e-04 4.548383e-05 2.718910e-04 2.688280e-03 5.701294e-03 2.546158e-03 
8.373965e-04 4.144929e-05 3.027404e-04 2.703738e-03 5.693123e-03 2.516188e-03 
8.300406e-04 3.761280e-05 3.229881e-04 2.756469e-03 5.671785e-03 2.501546e-03 
8.229446e-04 3.388445e-05 3.688768e-04 2.847931e-03 5.782883e-03 2.474529e-03 
8.117018e-04 3.050956e-05 3.972122e-04 2.967570e-03 5.830732e-03 2.474467e-03 
7.993666e-04 2.713094e-05 4.307776e-04 3.026759e-03 5.853383e-03 2.457071e-03 
7.886119e-04 2.415758e-05 4.631622e-04 3.106378e-03 5.884903e-03 2.440995e-03 
7.781185e-04 2.132818e-05 5.090729e-04 3.201482e-03 5.948665e-03 2.432440e-03 
7.682105e-04 1.868767e-05 5.419779e-04 3.280120e-03 5.973974e-03 2.418258e-03 
7.569311e-04 1.631047e-05 5.661062e-04 3.355272e-03 5.974550e-03 2.404388e-03 
7.438078e-04 1.403257e-05 6.034059e-04 3.365766e-03 5.952447e-03 2.378016e-03 
7.345851e-04 1.202069e-05 6.436209e-04 3.564480e-03 6.060634e-03 2.396698e-03 
7.230005e-04 1.019956e-05 6.841065e-04 3.599704e-03 6.047655e-03 2.385236e-03 
7.125706e-04 8.510750e-06 7.166845e-04 3.735815e-03 6.103303e-03 2.375630e-03 
7.012002e-04 7.022587e-06 7.545427e-04 3.752412e-03 6.072229e-03 2.360017e-03 
6.890840e-04 5.725277e-06 7.642761e-04 3.872622e-03 6.065659e-03 2.368385e-03 
6.773039e-04 4.536826e-06 8.046660e-04 4.007725e-03 6.122286e-03 2.362369e-03 
6.663831e-04 3.570353e-06 8.487962e-04 4.128169e-03 6.161477e-03 2.366616e-03 
6.554521e-04 2.705954e-06 8.857655e-04 4.203175e-03 6.157396e-03 2.364991e-03 
6.436075e-04 1.971834e-06 9.065032e-04 4.303240e-03 6.153312e-03 2.362252e-03 
6.320727e-04 1.421160e-06 9.529412e-04 4.376177e-03 6.161303e-03 2.351503e-03 
6.202870e-04 9.631785e-07 9.816573e-04 4.525306e-03 6.180237e-03 2.377839e-03 
6.084787e-04 5.724433e-07 9.927864e-04 4.555835e-03 6.128837e-03 2.360514e-03 
5.967348e-04 3.460364e-07 1.056529e-03 4.770983e-03 6.222629e-03 2.378394e-03 
5.848802e-04 1.796691e-07 1.064154e-03 4.869320e-03 6.185787e-03 2.398748e-03 
5.733250e-04 4.744779e-08 1.094088e-03 4.994557e-03 6.190131e-03 2.410373e-03 
5.616498e-04 1.880180e-08 1.105202e-03 4.978564e-03 6.109057e-03 2.406518e-03 
5.499199e-04 0.000000e+00 1.136550e-03 5.081600e-03 6.098721e-03 2.418072e-03 
5.381152e-04 0.000000e+00 1.173360e-03 5.251807e-03 6.129040e-03 2.429835e-03 
5.265427e-04 0.000000e+00 1.198941e-03 5.434750e-03 6.150737e-03 2.450698e-03 
5.147596e-04 0.000000e+00 1.226909e-03 5.549823e-03 6.134009e-03 2.479079e-03 
5.031815e-04 0.000000e+00 1.254147e-03 5.656037e-03 6.116891e-03 2.500725e-03 
4.914527e-04 0.000000e+00 1.250330e-03 5.683516e-03 6.045059e-03 2.513230e-03 
4.799247e-04 0.000000e+00 1.285644e-03 5.868534e-03 6.063391e-03 2.532882e-03 
4.684022e-04 0.000000e+00 1.294236e-03 5.985991e-03 6.033686e-03 2.578077e-03 
4.569635e-04 0.000000e+00 1.326447e-03 6.132857e-03 6.030686e-03 2.593008e-03 
4.456011e-04 0.000000e+00 1.335169e-03 6.230319e-03 5.989512e-03 2.619675e-03 
4.342992e-04 0.000000e+00 1.347901e-03 6.337410e-03 5.956474e-03 2.643162e-03 
4.229677e-04 0.000000e+00 1.371483e-03 6.451078e-03 5.925585e-03 2.687160e-03 
4.118965e-04 0.000000e+00 1.383779e-03 6.577155e-03 5.895886e-03 2.742077e-03 
4.008488e-04 0.000000e+00 1.397106e-03 6.756905e-03 5.883479e-03 2.775804e-03 
3.898738e-04 0.000000e+00 1.398542e-03 6.798249e-03 5.820481e-03 2.791642e-03 
3.790637e-04 0.000000e+00 1.405968e-03 6.896991e-03 5.779634e-03 2.799875e-03 
3.681856e-04 0.000000e+00 1.415898e-03 6.912315e-03 5.714894e-03 2.785257e-03 
3.575690e-04 0.000000e+00 1.416907e-03 7.216010e-03 5.718336e-03 2.922057e-03 
3.470185e-04 0.000000e+00 1.411770e-03 7.316913e-03 5.673950e-03 2.965823e-03 
3.366332e-04 0.000000e+00 1.427690e-03 7.298178e-03 5.605221e-03 2.978493e-03 
3.263624e-04 0.000000e+00 1.434714e-03 7.617705e-03 5.600878e-03 3.059965e-03 
3.161886e-04 0.000000e+00 1.439096e-03 7.675888e-03 5.542139e-03 3.070147e-03 
3.060404e-04 0.000000e+00 1.435550e-03 7.573397e-03 5.453640e-03 3.107989e-03 
2.961756e-04 0.000000e+00 1.442650e-03 8.051771e-03 5.486442e-03 3.255254e-03 
2.865209e-04 0.000000e+00 1.441939e-03 8.019149e-03 5.413534e-03 3.313030e-03 
2.766964e-04 0.000000e+00 1.415136e-03 8.215315e-03 5.367697e-03 3.361286e-03 
2.672981e-04 0.000000e+00 1.427473e-03 8.259966e-03 5.311187e-03 3.418360e-03 
2.578835e-04 0.000000e+00 1.430182e-03 8.124451e-03 5.221671e-03 3.455047e-03 
2.487234e-04 0.000000e+00 1.444699e-03 8.674916e-03 5.236561e-03 3.566301e-03 
2.395844e-04 0.000000e+00 1.411165e-03 8.405985e-03 5.130970e-03 3.584925e-03 
2.306986e-04 0.000000e+00 1.411379e-03 8.812482e-03 5.112475e-03 3.686840e-03 
2.219435e-04 0.000000e+00 1.402244e-03 8.651879e-03 5.031716e-03 3.736858e-03 
2.132307e-04 0.000000e+00 1.408139e-03 9.046223e-03 5.003772e-03 3.827868e-03 
2.047406e-04 0.000000e+00 1.374177e-03 8.938559e-03 4.938299e-03 3.924583e-03 
1.964828e-04 0.000000e+00 1.388822e-03 9.231016e-03 4.888390e-03 3.980600e-03 
1.883801e-04 0.000000e+00 1.354659e-03 9.107189e-03 4.831759e-03 4.078974e-03 
1.804150e-04 0.000000e+00 1.369686e-03 9.436753e-03 4.780641e-03 4.167948e-03 
1.724751e-04 0.000000e+00 1.326437e-03 9.331667e-03 4.726620e-03 4.261723e-03 
1.649975e-04 8.319574e-06 1.338708e-03 9.652381e-03 4.673349e-03 4.347015e-03 
1.574569e-04 9.543243e-06 1.291959e-03 9.474839e-03 4.633000e-03 4.446530e-03 
1.501188e-04 3.375529e-05 1.312390e-03 9.865450e-03 4.608360e-03 4.608064e-03 
1.430079e-04 5.690826e-05 1.307128e-03 9.978818e-03 4.571172e-03 4.701087e-03 
1.359891e-04 7.559901e-05 1.278260e-03 9.973059e-03 4.539444e-03 4.782524e-03 
1.292893e-04 1.095168e-04 1.278506e-03 1.008406e-02 4.519929e-03 4.888638e-03 
1.225834e-04 1.330985e-04 1.240081e-03 1.011690e-02 4.477513e-03 4.952180e-03 
1.162599e-04 1.799423e-04 1.255232e-03 1.034348e-02 4.471962e-03 5.119961e-03 
1.101193e-04 1.984826e-04 1.192946e-03 1.035067e-02 4.467983e-03 5.279462e-03 
1.040699e-04 2.594236e-04 1.217157e-03 1.051675e-02 4.454618e-03 5.362728e-03 
9.822716e-05 2.821609e-04 1.189284e-03 1.051971e-02 4.457261e-03 5.515274e-03 
9.231448e-05 3.264960e-04 1.170778e-03 1.059253e-02 4.433061e-03 5.594690e-03 
8.716320e-05 3.826130e-04 1.172923e-03 1.071766e-02 4.449164e-03 5.744366e-03 
8.182214e-05 4.164823e-04 1.134707e-03 1.083356e-02 4.464464e-03 5.970178e-03 
7.646017e-05 4.761692e-04 1.135736e-03 1.090569e-02 4.463001e-03 6.055471e-03 
7.179526e-05 5.059646e-04 1.089412e-03 1.091182e-02 4.461795e-03 6.184298e-03 
6.692395e-05 5.722593e-04 1.098311e-03 1.104268e-02 4.482631e-03 6.336944e-03 
6.237283e-05 6.233421e-04 1.086585e-03 1.112789e-02 4.478816e-03 6.472551e-03 
5.810979e-05 6.666129e-04 1.057030e-03 1.121379e-02 4.492497e-03 6.659605e-03 
5.391785e-05 7.345971e-04 1.056183e-03 1.129622e-02 4.505346e-03 6.772153e-03 
4.987246e-05 7.685136e-04 1.025591e-03 1.132525e-02 4.530524e-03 6.947483e-03 
4.599201e-05 8.324250e-04 1.018456e-03 1.143091e-02 4.568363e-03 7.140148e-03 
4.257380e-05 8.731034e-04 1.008120e-03 1.146400e-02 4.589270e-03 7.291588e-03 
3.905637e-05 9.406025e-04 9.890327e-04 1.156880e-02 4.612222e-03 7.466400e-03 
3.589003e-05 1.004427e-03 9.772842e-04 1.171510e-02 4.653479e-03 7.721691e-03 
3.268970e-05 1.052379e-03 9.556126e-04 1.172582e-02 4.672819e-03 7.839479e-03 
2.979352e-05 1.106911e-03 9.502844e-04 1.175746e-02 4.688321e-03 7.958140e-03 
2.685035e-05 1.144706e-03 9.351360e-04 1.175209e-02 4.722467e-03 8.092096e-03 
2.422215e-05 1.209815e-03 9.199260e-04 1.190711e-02 4.779518e-03 8.398745e-03 
2.162242e-05 1.256363e-03 9.109082e-04 1.195016e-02 4.803813e-03 8.568276e-03 
1.941304e-05 1.295306e-03 8.951637e-04 1.187994e-02 4.853062e-03 8.626896e-03 
1.745927e-05 1.380657e-03 8.833702e-04 1.211904e-02 4.907126e-03 9.010821e-03 
1.544595e-05 1.423832e-03 8.725260e-04 1.205524e-02 4.948740e-03 9.060869e-03 
1.329396e-05 1.485650e-03 8.581793e-04 1.218009e-02 4.991676e-03 9.343661e-03 
1.157003e-05 1.521924e-03 8.477875e-04 1.211104e-02 5.043545e-03 9.405963e-03 
1.010296e-05 1.582472e-03 8.362426e-04 1.223948e-02 5.079681e-03 9.689544e-03 
8.511762e-06 1.629721e-03 8.244043e-04 1.230767e-02 5.161430e-03 9.963221e-03 
7.093617e-06 1.670261e-03 8.139331e-04 1.225776e-02 5.211954e-03 1.003458e-02 
5.530193e-06 1.729053e-03 8.023982e-04 1.235314e-02 5.295563e-03 1.033387e-02 
4.640543e-06 1.777278e-03 7.912269e-04 1.240393e-02 5.350332e-03 1.055643e-02 
3.669334e-06 1.829524e-03 7.806063e-04 1.245109e-02 5.416190e-03 1.077217e-02 
2.707803e-06 1.866877e-03 7.694525e-04 1.246795e-02 5.488132e-03 1.097852e-02 
1.984854e-06 1.925751e-03 7.581648e-04 1.253128e-02 5.588042e-03 1.124306e-02 
1.497543e-06 1.975068e-03 7.479404e-04 1.253486e-02 5.655835e-03 1.138876e-02 
8.674739e-07 2.016129e-03 7.371540e-04 1.262358e-02 5.747186e-03 1.173667e-02 
6.402734e-07 2.061484e-03 7.260242e-04 1.260192e-02 5.818967e-03 1.184586e-02 
3.041013e-07 2.096362e-03 7.150657e-04 1.264614e-02 5.909648e-03 1.211601e-02 
1.347282e-07 2.139733e-03 7.046351e-04 1.265886e-02 5.990478e-03 1.230589e-02 
5.681331e-08 2.189173e-03 6.937302e-04 1.268232e-02 6.055810e-03 1.249069e-02 
0.000000e+00 2.220188e-03 6.825696e-04 1.272109e-02 6.164124e-03 1.276985e-02 
0.000000e+00 2.260144e-03 6.717301e-04 1.275331e-02 6.272658e-03 1.301173e-02 
0.000000e+00 2.300064e-03 6.605628e-04 1.279414e-02 6.378593e-03 1.328018e-02 
0.000000e+00 2.333297e-03 6.499072e-04 1.283875e-02 6.489911e-03 1.357330e-02 
0.000000e+00 2.355292e-03 6.387713e-04 1.280061e-02 6.553590e-03 1.366663e-02 
0.000000e+00 2.385551e-03 6.277471e-04 1.281320e-02 6.672349e-03 1.388916e-02 
0.000000e+00 2.436137e-03 6.167678e-04 1.284865e-02 6.794447e-03 1.413694e-02 
0.000000e+00 2.458680e-03 6.058879e-04 1.285692e-02 6.869002e-03 1.435288e-02 
0.000000e+00 2.490844e-03 5.948727e-04 1.287617e-02 7.014035e-03 1.459635e-02 
0.000000e+00 2.520908e-03 5.838706e-04 1.294395e-02 7.150933e-03 1.495176e-02 
0.000000e+00 2.542181e-03 5.730828e-04 1.292731e-02 7.213051e-03 1.511046e-02 
0.000000e+00 2.562168e-03 5.622141e-04 1.293374e-02 7.396260e-03 1.532948e-02 
0.000000e+00 2.580077e-03 5.512104e-04 1.296480e-02 7.558121e-03 1.561938e-02 
0.000000e+00 2.601666e-03 5.406184e-04 1.297254e-02 7.701634e-03 1.584686e-02 
0.000000e+00 2.633455e-03 5.300606e-04 1.297450e-02 7.769645e-03 1.604207e-02 
0.000000e+00 2.649303e-03 5.192802e-04 1.302870e-02 7.978682e-03 1.641270e-02 
0.000000e+00 2.652227e-03 5.088059e-04 1.302887e-02 8.155165e-03 1.661513e-02 
0.000000e+00 2.696888e-03 4.986582e-04 1.306027e-02 8.246401e-03 1.686640e-02 
0.000000e+00 2.690020e-03 4.879119e-04 1.303031e-02 8.281552e-03 1.699937e-02 
0.000000e+00 2.686893e-03 4.780463e-04 1.301858e-02 8.418731e-03 1.711583e-02 
0.000000e+00 2.732406e-03 4.678780e-04 1.305109e-02 8.553269e-03 1.735417e-02 
0.000000e+00 2.707801e-03 4.579814e-04 1.308000e-02 8.876194e-03 1.772023e-02 
0.000000e+00 2.752022e-03 4.481740e-04 1.312486e-02 9.002781e-03 1.806744e-02 
0.000000e+00 2.731852e-03 4.389820e-04 1.309186e-02 9.023855e-03 1.814465e-02 
0.000000e+00 2.758587e-03 4.295589e-04 1.308845e-02 9.084248e-03 1.824840e-02 
0.000000e+00 2.740942e-03 4.205942e-04 1.311118e-02 9.311793e-03 1.856094e-02 
0.000000e+00 2.758583e-03 4.121355e-04 1.317023e-02 9.566413e-03 1.900047e-02 
0.000000e+00 2.799344e-03 4.034010e-04 1.320119e-02 9.728063e-03 1.922103e-02 
0.000000e+00 2.749272e-03 3.955249e-04 1.315859e-02 9.814110e-03 1.915722e-02 
0.000000e+00 2.789930e-03 3.867228e-04 1.323429e-02 1.006533e-02 1.976138e-02 
0.000000e+00 2.780005e-03 3.793451e-04 1.325178e-02 1.024537e-02 1.998213e-02 
0.000000e+00 2.744674e-03 3.721260e-04 1.323231e-02 1.038266e-02 1.996410e-02 
0.000000e+00 2.765573e-03 3.655238e-04 1.326706e-02 1.055183e-02 2.027694e-02 
0.000000e+00 2.762254e-03 3.589684e-04 1.330751e-02 1.074840e-02 2.074907e-02 
0.000000e+00 2.748518e-03 3.525507e-04 1.332633e-02 1.097594e-02 2.074842e-02 
0.000000e+00 2.747088e-03 3.463881e-04 1.333715e-02 1.112952e-02 2.091932e-02 
0.000000e+00 2.734431e-03 3.403410e-04 1.338822e-02 1.137917e-02 2.143302e-02 
0.000000e+00 2.732182e-03 3.342884e-04 1.339662e-02 1.152299e-02 2.149418e-02 
0.000000e+00 2.717342e-03 3.305990e-04 1.343395e-02 1.173767e-02 2.181824e-02 
0.000000e+00 2.708391e-03 3.263255e-04 1.345733e-02 1.190173e-02 2.209299e-02 
0.000000e+00 2.703498e-03 3.213316e-04 1.348630e-02 1.209163e-02 2.209752e-02 
0.000000e+00 2.683705e-03 3.159160e-04 1.351380e-02 1.230162e-02 2.258705e-02 
0.000000e+00 2.676373e-03 3.129558e-04 1.356209e-02 1.254746e-02 2.281367e-02 
0.000000e+00 2.655755e-03 3.094337e-04 1.358338e-02 1.267696e-02 2.273681e-02 
9.862844e-06 2.646959e-03 3.057204e-04 1.363569e-02 1.291445e-02 2.326942e-02 
1.421392e-05 2.623748e-03 3.043210e-04 1.367726e-02 1.314375e-02 2.342370e-02 
2.390063e-05 2.596023e-03 3.019957e-04 1.375121e-02 1.337721e-02 2.350423e-02 
5.236471e-05 2.598704e-03 2.972338e-04 1.377951e-02 1.355785e-02 2.400845e-02 
6.090172e-05 2.563161e-03 2.961096e-04 1.386704e-02 1.382821e-02 2.404598e-02 
1.067848e-04 2.555840e-03 2.935331e-04 1.392832e-02 1.401522e-02 2.448777e-02 
1.252178e-04 2.533289e-03 2.915207e-04 1.399370e-02 1.421388e-02 2.458487e-02 
1.379142e-04 2.496964e-03 2.903932e-04 1.409262e-02 1.445564e-02 2.458331e-02 
2.132342e-04 2.500041e-03 2.869382e-04 1.417746e-02 1.465915e-02 2.511705e-02 
2.353718e-04 2.467570e-03 2.888838e-04 1.427946e-02 1.491689e-02 2.519806e-02 
3.000883e-04 2.454141e-03 2.863046e-04 1.437499e-02 1.509703e-02 2.550330e-02 
3.461161e-04 2.433567e-03 2.790316e-04 1.447045e-02 1.538521e-02 2.576551e-02 
3.679594e-04 2.388732e-03 2.861302e-04 1.458535e-02 1.560731e-02 2.579099e-02 
4.744905e-04 2.395274e-03 2.785992e-04 1.469151e-02 1.582964e-02 2.628687e-02 
5.014356e-04 2.348030e-03 2.821867e-04 1.482451e-02 1.611493e-02 2.637005e-02 
5.925028e-04 2.349075e-03 2.753192e-04 1.490984e-02 1.624997e-02 2.668740e-02 
6.470755e-04 2.315919e-03 2.789258e-04 1.506906e-02 1.653567e-02 2.685718e-02 
6.854343e-04 2.282732e-03 2.790363e-04 1.520778e-02 1.672699e-02 2.689854e-02 
7.947753e-04 2.272784e-03 2.750156e-04 1.530591e-02 1.698251e-02 2.735273e-02 
8.267721e-04 2.236768e-03 2.745931e-04 1.547878e-02 1.724430e-02 2.738427e-02 
9.429691e-04 2.229841e-03 2.727645e-04 1.562456e-02 1.749973e-02 2.776864e-02 
9.852668e-04 2.195854e-03 2.708481e-04 1.571089e-02 1.761889e-02 2.783218e-02 
1.074259e-03 2.183471e-03 2.703541e-04 1.588906e-02 1.794370e-02 2.811887e-02 
1.156185e-03 2.154475e-03 2.664826e-04 1.604628e-02 1.819871e-02 2.833458e-02 
1.198467e-03 2.120569e-03 2.648384e-04 1.621405e-02 1.847435e-02 2.844136e-02 
1.346574e-03 2.117931e-03 2.642205e-04 1.638158e-02 1.880488e-02 2.890239e-02 
1.383357e-03 2.079175e-03 2.591390e-04 1.653569e-02 1.897429e-02 2.891521e-02 
1.513463e-03 2.072350e-03 2.576641e-04 1.670132e-02 1.928575e-02 2.929266e-02 
1.567130e-03 2.044288e-03 2.530261e-04 1.685075e-02 1.952429e-02 2.942070e-02 
1.652947e-03 2.026893e-03 2.508128e-04 1.703305e-02 1.979629e-02 2.962026e-02 
1.748312e-03 2.006416e-03 2.453780e-04 1.717921e-02 2.002680e-02 2.984817e-02 
1.787927e-03 1.973265e-03 2.419894e-04 1.735672e-02 2.031213e-02 2.995147e-02 
1.926039e-03 1.967879e-03 2.391772e-04 1.754812e-02 2.057797e-02 3.026818e-02 
1.994794e-03 1.943008e-03 2.327442e-04 1.769762e-02 2.087252e-02 3.045602e-02 
2.098551e-03 1.930644e-03 2.295659e-04 1.786014e-02 2.104083e-02 3.064532e-02 
2.185316e-03 1.906719e-03 2.232772e-04 1.800306e-02 2.121197e-02 3.079942e-02 
2.278486e-03 1.890699e-03 2.202697e-04 1.820472e-02 2.152366e-02 3.101418e-02 
2.367548e-03 1.877775e-03 2.114799e-04 1.841035e-02 2.194330e-02 3.128275e-02 
2.430539e-03 1.854867e-03 2.061868e-04 1.858773e-02 2.222133e-02 3.142394e-02 
2.561605e-03 1.846345e-03 2.015557e-04 1.880301e-02 2.250727e-02 3.167945e-02 
2.629582e-03 1.827257e-03 1.927037e-04 1.892331e-02 2.265407e-02 3.179241e-02 
2.761418e-03 1.819191e-03 1.853341e-04 1.911486e-02 2.304930e-02 3.212420e-02 
2.821487e-03 1.804894e-03 1.795494e-04 1.933655e-02 2.329991e-02 3.222209e-02 
2.930328e-03 1.794796e-03 1.756316e-04 1.953177e-02 2.358942e-02 3.244705e-02 
3.024723e-03 1.783331e-03 1.655815e-04 1.970446e-02 2.395047e-02 3.268058e-02 
3.084380e-03 1.773335e-03 1.575231e-04 1.984351e-02 2.402914e-02 3.274172e-02 
3.209477e-03 1.766304e-03 1.506251e-04 2.005219e-02 2.447168e-02 3.304932e-02 
3.270278e-03 1.755953e-03 1.462055e-04 2.023151e-02 2.461281e-02 3.312356e-02 
3.402607e-03 1.751720e-03 1.322988e-04 2.041253e-02 2.500623e-02 3.341207e-02 
3.452323e-03 1.744330e-03 1.279375e-04 2.063950e-02 2.528470e-02 3.352042e-02 
3.584723e-03 1.741608e-03 1.200047e-04 2.084367e-02 2.566787e-02 3.379526e-02 
3.627840e-03 1.737271e-03 1.084269e-04 2.100251e-02 2.587498e-02 3.388086e-02 
3.770935e-03 1.735615e-03 1.010790e-04 2.121551e-02 2.631336e-02 3.418167e-02 
3.793768e-03 1.733645e-03 9.586257e-05 2.141907e-02 2.643858e-02 3.420588e-02 
3.939013e-03 1.733733e-03 8.759843e-05 2.160801e-02 2.683354e-02 3.449338e-02 
4.032916e-03 1.734449e-03 7.708695e-05 2.179566e-02 2.724518e-02 3.470941e-02 
4.095781e-03 1.735874e-03 7.258547e-05 2.199076e-02 2.741813e-02 3.481610e-02 
4.195708e-03 1.738775e-03 6.498809e-05 2.221245e-02 2.784669e-02 3.503735e-02 
4.313952e-03 1.742195e-03 5.254035e-05 2.233178e-02 2.812311e-02 3.524594e-02 
4.345144e-03 1.747436e-03 5.122131e-05 2.260823e-02 2.838221e-02 3.533120e-02 
4.465536e-03 1.753056e-03 4.783354e-05 2.282439e-02 2.868591e-02 3.553708e-02 
4.534188e-03 1.759254e-03 3.741146e-05 2.297525e-02 2.908388e-02 3.572098e-02 
4.647451e-03 1.766584e-03 2.656766e-05 2.307674e-02 2.935775e-02 3.592060e-02 
4.695631e-03 1.774400e-03 2.542471e-05 2.338794e-02 2.975712e-02 3.606030e-02 
4.811443e-03 1.782660e-03 2.222993e-05 2.358393e-02 3.006157e-02 3.625991e-02 
4.900006e-03 1.792789e-03 1.660887e-05 2.373951e-02 3.042441e-02 3.645280e-02 
4.974152e-03 1.802935e-03 8.127934e-06 2.385330e-02 3.065725e-02 3.658922e-02 
5.056503e-03 1.813042e-03 7.831114e-06 2.412266e-02 3.099557e-02 3.676124e-02 
5.128315e-03 1.823715e-03 6.896967e-06 2.438542e-02 3.140313e-02 3.693175e-02 
5.230253e-03 1.836352e-03 5.400453e-06 2.457742e-02 3.178539e-02 3.714132e-02 
5.289323e-03 1.848212e-03 2.059945e-06 2.467774e-02 3.206237e-02 3.727459e-02 
5.374259e-03 1.861048e-03 0.000000e+00 2.478221e-02 3.229157e-02 3.742790e-02 
5.463507e-03 1.873564e-03 0.000000e+00 2.507895e-02 3.281169e-02 3.764287e-02 
5.505881e-03 1.887118e-03 0.000000e+00 2.532025e-02 3.302081e-02 3.774327e-02 
5.627402e-03 1.900192e-03 0.000000e+00 2.552165e-02 3.345717e-02 3.796431e-02 
5.659176e-03 1.914620e-03 0.000000e+00 2.576078e-02 3.390387e-02 3.811305e-02 
5.766772e-03 1.928282e-03 0.000000e+00 2.578446e-02 3.411421e-02 3.828793e-02 
5.830177e-03 1.941669e-03 0.000000e+00 2.596160e-02 3.441318e-02 3.842894e-02 
5.907562e-03 1.955660e-03 0.000000e+00 2.621789e-02 3.490709e-02 3.861388e-02 
5.990567e-03 1.970907e-03 0.000000e+00 2.649632e-02 3.531273e-02 3.879027e-02 
6.019244e-03 1.984982e-03 0.000000e+00 2.671007e-02 3.560040e-02 3.890482e-02 
6.134500e-03 1.999825e-03 0.000000e+00 2.696486e-02 3.603454e-02 3.910227e-02 
6.174580e-03 2.012863e-03 0.000000e+00 2.714428e-02 3.637466e-02 3.922512e-02 
6.259497e-03 2.026556e-03 0.000000e+00 2.730726e-02 3.673939e-02 3.939500e-02 
6.266715e-03 2.038628e-03 0.000000e+00 2.748527e-02 3.703147e-02 3.949890e-02 
6.397450e-03 2.052526e-03 0.000000e+00 2.764119e-02 3.742539e-02 3.969641e-02 
6.445631e-03 2.063547e-03 0.000000e+00 2.780575e-02 3.775206e-02 3.982472e-02 
6.521790e-03 2.078140e-03 0.000000e+00 2.789503e-02 3.805880e-02 3.997881e-02 
6.564491e-03 2.093072e-03 0.000000e+00 2.812974e-02 3.839070e-02 4.012421e-02 
6.614624e-03 2.104657e-03 0.000000e+00 2.838343e-02 3.884293e-02 4.026031e-02 
6.699711e-03 2.112213e-03 0.000000e+00 2.857592e-02 3.937626e-02 4.042777e-02 
6.768450e-03 2.125257e-03 0.000000e+00 2.872345e-02 3.964086e-02 4.056491e-02 
6.810739e-03 2.137731e-03 0.000000e+00 2.890632e-02 3.991603e-02 4.068632e-02 
6.847699e-03 2.145153e-03 0.000000e+00 2.906244e-02 4.022845e-02 4.081224e-02 
6.909918e-03 2.156936e-03 0.000000e+00 2.918583e-02 4.042860e-02 4.093780e-02 
6.971936e-03 2.168376e-03 0.000000e+00 2.935811e-02 4.077402e-02 4.108263e-02 
7.028021e-03 2.171706e-03 0.000000e+00 2.953683e-02 4.121542e-02 4.121273e-02 
7.075961e-03 2.185614e-03 0.000000e+00 2.987258e-02 4.163413e-02 4.135597e-02 
7.113665e-03 2.193978e-03 0.000000e+00 3.015791e-02 4.227946e-02 4.147237e-02 
7.163543e-03 2.199009e-03 0.000000e+00 3.045384e-02 4.272735e-02 4.161016e-02 
7.227154e-03 2.206951e-03 0.000000e+00 3.058482e-02 4.306387e-02 4.173454e-02 
7.293591e-03 2.209144e-03 0.000000e+00 3.076615e-02 4.344412e-02 4.187160e-02 
7.332613e-03 2.220402e-03 0.000000e+00 3.083618e-02 4.370225e-02 4.198962e-02 
7.349769e-03 2.221271e-03 2.082495e-06 3.102251e-02 4.404035e-02 4.209580e-02 
7.409613e-03 2.226690e-03 6.684135e-06 3.134414e-02 4.451071e-02 4.222990e-02 
7.469200e-03 2.233222e-03 8.079143e-06 3.145054e-02 4.478427e-02 4.235086e-02 
7.507341e-03 2.232618e-03 1.013629e-05 3.162689e-02 4.498586e-02 4.247444e-02 
7.546730e-03 2.236794e-03 1.531556e-05 3.184835e-02 4.534655e-02 4.260581e-02 
7.571331e-03 2.238282e-03 1.834054e-05 3.187050e-02 4.562215e-02 4.269012e-02 
7.637183e-03 2.237449e-03 5.577061e-05 3.233334e-02 4.661343e-02 4.282674e-02 
7.659033e-03 2.241831e-03 7.044051e-05 3.264055e-02 4.696787e-02 4.296114e-02 
7.710369e-03 2.235793e-03 7.982389e-05 3.272949e-02 4.726201e-02 4.306417e-02 
7.745396e-03 2.232732e-03 8.516370e-05 3.280685e-02 4.736455e-02 4.319105e-02 
7.754940e-03 2.229224e-03 1.103348e-04 3.311111e-02 4.774584e-02 4.331608e-02 
7.801877e-03 2.229897e-03 1.370910e-04 3.323070e-02 4.818123e-02 4.342626e-02 
7.828521e-03 2.228538e-03 1.583709e-04 3.334751e-02 4.840652e-02 4.355242e-02 
7.869417e-03 2.219602e-03 1.861566e-04 3.360485e-02 4.883170e-02 4.368526e-02 
7.892678e-03 2.217721e-03 1.992014e-04 3.370737e-02 4.896738e-02 4.381532e-02 
7.924800e-03 2.208574e-03 2.976666e-04 3.416267e-02 4.995440e-02 4.393786e-02 
7.966629e-03 2.204739e-03 3.355539e-04 3.424079e-02 5.028638e-02 4.405424e-02 
8.003276e-03 2.193920e-03 3.619084e-04 3.441304e-02 5.053137e-02 4.419078e-02 
8.022949e-03 2.194856e-03 3.800811e-04 3.451378e-02 5.064887e-02 4.432838e-02 
8.055764e-03 2.167028e-03 4.436608e-04 3.476526e-02 5.113647e-02 4.443682e-02 
8.083624e-03 2.168427e-03 5.071392e-04 3.493848e-02 5.157069e-02 4.457794e-02 
8.101394e-03 2.147400e-03 5.430488e-04 3.511171e-02 5.179204e-02 4.470780e-02 
8.151185e-03 2.154252e-03 5.785172e-04 3.531326e-02 5.208810e-02 4.486239e-02 
8.171653e-03 2.136900e-03 7.075992e-04 3.567427e-02 5.285838e-02 4.499390e-02 
8.191272e-03 2.107575e-03 7.747394e-04 3.578868e-02 5.320278e-02 4.509947e-02 
8.215873e-03 2.107635e-03 8.194633e-04 3.602279e-02 5.346621e-02 4.525962e-02 
8.233898e-03 2.099737e-03 8.451377e-04 3.611038e-02 5.354677e-02 4.540711e-02 
8.254663e-03 2.066784e-03 9.666669e-04 3.639065e-02 5.419114e-02 4.549777e-02 
8.286250e-03 2.064730e-03 1.056045e-03 3.666054e-02 5.461750e-02 4.568487e-02 
8.318268e-03 2.052133e-03 1.098804e-03 3.676135e-02 5.479939e-02 4.582575e-02 
8.344809e-03 2.020058e-03 1.141029e-03 3.688405e-02 5.499695e-02 4.592337e-02 
8.363494e-03 2.000658e-03 1.320969e-03 3.718900e-02 5.575068e-02 4.606092e-02 
8.389234e-03 1.986151e-03 1.393780e-03 3.753817e-02 5.614153e-02 4.621441e-02 
8.408585e-03 1.966375e-03 1.448972e-03 3.778573e-02 5.638625e-02 4.636651e-02 
8.429147e-03 1.954229e-03 1.518162e-03 3.797139e-02 5.663982e-02 4.651852e-02 
8.450834e-03 1.923986e-03 1.682840e-03 3.806626e-02 5.724183e-02 4.659238e-02 
8.470033e-03 1.897288e-03 1.743936e-03 3.835615e-02 5.750320e-02 4.674338e-02 
8.499887e-03 1.884266e-03 1.790506e-03 3.847238e-02 5.764357e-02 4.690994e-02 
8.521078e-03 1.866047e-03 1.959803e-03 3.878198e-02 5.821351e-02 4.707749e-02 
8.544153e-03 1.834261e-03 2.085016e-03 3.900204e-02 5.869492e-02 4.717275e-02 
8.559474e-03 1.813778e-03 2.148611e-03 3.914626e-02 5.890929e-02 4.730709e-02 
8.568564e-03 1.786081e-03 2.181363e-03 3.937163e-02 5.906036e-02 4.744746e-02 
8.594096e-03 1.758050e-03 2.387185e-03 3.980294e-02 5.975204e-02 4.760216e-02 
8.608258e-03 1.740297e-03 2.478791e-03 3.985243e-02 6.000319e-02 4.771878e-02 
8.628588e-03 1.714977e-03 2.555889e-03 4.009269e-02 6.029049e-02 4.783728e-02 
8.652505e-03 1.674955e-03 2.687534e-03 4.025167e-02 6.068558e-02 4.793263e-02 
8.665468e-03 1.659434e-03 2.854241e-03 4.052500e-02 6.116504e-02 4.809424e-02 
8.686051e-03 1.646689e-03 2.933414e-03 4.081249e-02 6.144082e-02 4.827873e-02 
8.701284e-03 1.608409e-03 2.990602e-03 4.093282e-02 6.160945e-02 4.837746e-02 
8.716668e-03 1.569206e-03 3.195257e-03 4.140998e-02 6.224335e-02 4.850898e-02 
8.732390e-03 1.548317e-03 3.290891e-03 4.147122e-02 6.247567e-02 4.864098e-02 
8.740072e-03 1.528434e-03 3.367605e-03 4.180381e-02 6.274758e-02 4.879974e-02 
8.759339e-03 1.475496e-03 3.527522e-03 4.202580e-02 6.321279e-02 4.883615e-02 
8.774174e-03 1.470773e-03 3.694607e-03 4.227864e-02 6.362494e-02 4.904102e-02 
8.786999e-03 1.451136e-03 3.794834e-03 4.256411e-02 6.392090e-02 4.919192e-02 
8.800256e-03 1.409920e-03 3.835712e-03 4.285245e-02 6.411463e-02 4.930103e-02 
8.812858e-03 1.345637e-03 4.060906e-03 4.304881e-02 6.464576e-02 4.932950e-02 
8.828873e-03 1.341018e-03 4.178936e-03 4.343785e-02 6.499243e-02 4.954218e-02 
8.839630e-03 1.316146e-03 4.241514e-03 4.358743e-02 6.519508e-02 4.964740e-02 
8.857244e-03 1.287641e-03 4.449626e-03 4.387975e-02 6.568199e-02 4.977767e-02 
8.868650e-03 1.246492e-03 4.591172e-03 4.415722e-02 6.603328e-02 4.988807e-02 
8.882145e-03 1.224202e-03 4.678239e-03 4.429866e-02 6.624837e-02 5.002746e-02 
8.896758e-03 1.205893e-03 4.803795e-03 4.444833e-02 6.653715e-02 5.016117e-02 
8.903436e-03 1.165333e-03 4.960298e-03 4.461533e-02 6.687377e-02 5.024366e-02 
8.915408e-03 1.089002e-03 5.081750e-03 4.505847e-02 6.729117e-02 5.020802e-02 
8.927184e-03 1.074302e-03 5.127618e-03 4.532225e-02 6.748001e-02 5.037008e-02 
8.937775e-03 1.063415e-03 5.389580e-03 4.589805e-02 6.808675e-02 5.058038e-02 
8.945436e-03 1.039598e-03 5.500655e-03 4.617959e-02 6.835929e-02 5.073233e-02 
8.956829e-03 9.779533e-04 5.576161e-03 4.629148e-02 6.855941e-02 5.072314e-02 
8.966615e-03 9.680811e-04 5.788423e-03 4.650262e-02 6.897634e-02 5.088410e-02 
8.978245e-03 9.519429e-04 5.895445e-03 4.684795e-02 6.927631e-02 5.104236e-02 
8.984050e-03 9.281776e-04 5.996537e-03 4.723540e-02 6.954993e-02 5.120386e-02 
8.992217e-03 8.823487e-04 6.172808e-03 4.740444e-02 6.989604e-02 5.124920e-02 
9.001987e-03 8.111818e-04 6.296011e-03 4.745398e-02 7.013860e-02 5.119157e-02 
9.008158e-03 7.976078e-04 6.395962e-03 4.786320e-02 7.043353e-02 5.135359e-02 
9.016071e-03 7.823914e-04 6.617788e-03 4.838529e-02 7.093117e-02 5.150543e-02 
9.025091e-03 7.631299e-04 6.747890e-03 4.863614e-02 7.121529e-02 5.165167e-02 
9.029893e-03 7.377460e-04 6.824291e-03 4.885927e-02 7.144133e-02 5.174588e-02 
9.034411e-03 6.789231e-04 7.020231e-03 4.911490e-02 7.182196e-02 5.170900e-02 
9.039824e-03 6.651287e-04 7.154725e-03 4.936236e-02 7.210175e-02 5.185976e-02 
9.048442e-03 6.533601e-04 7.210615e-03 4.966859e-02 7.229773e-02 5.203782e-02 
9.051063e-03 6.301625e-04 7.372501e-03 4.985929e-02 7.259532e-02 5.215747e-02 
9.056719e-03 6.000683e-04 7.610211e-03 5.049737e-02 7.311586e-02 5.220520e-02 
9.062073e-03 5.462616e-04 7.679918e-03 5.062710e-02 7.330104e-02 5.215993e-02 
9.062968e-03 5.061618e-04 7.874779e-03 5.084380e-02 7.365676e-02 5.216706e-02 
9.065458e-03 5.002252e-04 7.993759e-03 5.129665e-02 7.395154e-02 5.237137e-02 
9.067253e-03 4.877163e-04 8.083850e-03 5.153351e-02 7.418202e-02 5.248780e-02 
9.070351e-03 4.715939e-04 8.226359e-03 5.167306e-02 7.444574e-02 5.260132e-02 
9.070321e-03 4.520201e-04 8.437193e-03 5.220363e-02 7.484569e-02 5.271017e-02 
9.069213e-03 4.172110e-04 8.580083e-03 5.247712e-02 7.512643e-02 5.273004e-02 
9.069367e-03 3.748584e-04 8.710631e-03 5.276318e-02 7.543191e-02 5.266091e-02 
9.073733e-03 3.709661e-04 8.824161e-03 5.309220e-02 7.568743e-02 5.284288e-02 
9.068301e-03 3.597728e-04 9.000366e-03 5.344121e-02 7.600455e-02 5.296780e-02 
9.070968e-03 3.494630e-04 9.116024e-03 5.354513e-02 7.621839e-02 5.308370e-02 
9.068778e-03 3.303033e-04 9.317121e-03 5.417037e-02 7.661953e-02 5.318057e-02 
9.062547e-03 3.095445e-04 9.424355e-03 5.451822e-02 7.687042e-02 5.322684e-02 
9.062648e-03 2.793461e-04 9.564789e-03 5.493191e-02 7.716022e-02 5.324724e-02 
9.060066e-03 2.503313e-04 9.723281e-03 5.500598e-02 7.742482e-02 5.320701e-02 
9.053677e-03 2.461919e-04 9.878992e-03 5.543816e-02 7.773304e-02 5.332028e-02 
9.054237e-03 2.436774e-04 1.003427e-02 5.585582e-02 7.802449e-02 5.351643e-02 
9.046782e-03 2.336463e-04 1.015203e-02 5.611560e-02 7.825512e-02 5.359937e-02 
9.039011e-03 2.256351e-04 1.033794e-02 5.649222e-02 7.857349e-02 5.368463e-02 
9.039089e-03 2.164875e-04 1.043879e-02 5.664071e-02 7.877036e-02 5.380443e-02 
9.030883e-03 2.054511e-04 1.055915e-02 5.719257e-02 7.905703e-02 5.387382e-02 
9.022193e-03 1.923274e-04 1.074505e-02 5.754233e-02 7.936670e-02 5.390386e-02 
9.018146e-03 1.710238e-04 1.086719e-02 5.769490e-02 7.959587e-02 5.387359e-02 
9.007154e-03 1.273622e-04 1.104177e-02 5.772539e-02 7.986791e-02 5.356944e-02 
9.007233e-03 1.150714e-04 1.118830e-02 5.831319e-02 8.016648e-02 5.363371e-02 
8.985910e-03 1.125799e-04 1.133531e-02 5.868672e-02 8.040427e-02 5.377756e-02 
8.983734e-03 1.115115e-04 1.145768e-02 5.884364e-02 8.062011e-02 5.392035e-02 
8.975107e-03 1.079701e-04 1.163921e-02 5.934686e-02 8.092991e-02 5.403632e-02 
8.964568e-03 1.050606e-04 1.176098e-02 5.987890e-02 8.118686e-02 5.415240e-02 
8.946592e-03 1.024059e-04 1.191267e-02 6.011915e-02 8.142182e-02 5.424923e-02 
8.942821e-03 9.855279e-05 1.208683e-02 6.059348e-02 8.170203e-02 5.433173e-02 
8.924687e-03 1.003682e-04 1.220804e-02 6.103954e-02 8.192951e-02 5.456521e-02 
8.923068e-03 9.417243e-05 1.233352e-02 6.123454e-02 8.214397e-02 5.458623e-02 
8.903250e-03 8.982005e-05 1.249488e-02 6.163594e-02 8.240782e-02 5.461916e-02 
8.892791e-03 8.612943e-05 1.263136e-02 6.215421e-02 8.266310e-02 5.476403e-02 
8.878490e-03 8.130839e-05 1.277499e-02 6.249321e-02 8.289364e-02 5.471116e-02 
8.864138e-03 7.840951e-05 1.292208e-02 6.277846e-02 8.312769e-02 5.477051e-02 
8.851018e-03 7.413519e-05 1.305947e-02 6.301461e-02 8.334997e-02 5.483037e-02 
8.826820e-03 6.829225e-05 1.318377e-02 6.336163e-02 8.356489e-02 5.484730e-02 
8.814286e-03 6.934478e-05 1.338465e-02 6.392223e-02 8.385259e-02 5.497754e-02 
8.795491e-03 6.444654e-05 1.349947e-02 6.433676e-02 8.406879e-02 5.497198e-02 
8.788866e-03 6.132082e-05 1.361400e-02 6.454434e-02 8.427422e-02 5.507209e-02 
8.754333e-03 6.082459e-05 1.379187e-02 6.492818e-02 8.450790e-02 5.508868e-02 
8.743713e-03 5.755022e-05 1.390436e-02 6.524895e-02 8.471636e-02 5.516271e-02 
8.733019e-03 5.502513e-05 1.407255e-02 6.567160e-02 8.496860e-02 5.517771e-02 
8.705506e-03 5.531753e-05 1.423026e-02 6.619713e-02 8.519234e-02 5.521167e-02 
8.686486e-03 5.430010e-05 1.434662e-02 6.646938e-02 8.539333e-02 5.523471e-02 
8.647943e-03 5.460718e-05 1.448472e-02 6.674505e-02 8.558278e-02 5.530019e-02 
8.646341e-03 5.604700e-05 1.460343e-02 6.724566e-02 8.580389e-02 5.544196e-02 
8.630867e-03 5.646255e-05 1.478526e-02 6.759890e-02 8.604667e-02 5.550281e-02 
8.600025e-03 5.402734e-05 1.495428e-02 6.807965e-02 8.627087e-02 5.552460e-02 
8.580215e-03 5.624732e-05 1.506451e-02 6.840763e-02 8.646312e-02 5.559950e-02 
8.530674e-03 5.941586e-05 1.518334e-02 6.874297e-02 8.662821e-02 5.568808e-02 
8.527978e-03 5.925009e-05 1.532255e-02 6.912823e-02 8.685160e-02 5.564853e-02 
8.511457e-03 6.078895e-05 1.548128e-02 6.960069e-02 8.707030e-02 5.577905e-02 
8.475461e-03 6.155272e-05 1.563765e-02 7.005970e-02 8.727503e-02 5.583111e-02 
8.460911e-03 6.303046e-05 1.574436e-02 7.020820e-02 8.745746e-02 5.584201e-02 
8.432971e-03 6.362711e-05 1.589074e-02 7.052585e-02 8.765760e-02 5.594065e-02 
8.391029e-03 6.582266e-05 1.604402e-02 7.094853e-02 8.785034e-02 5.592896e-02 
8.378108e-03 7.242367e-05 1.613732e-02 7.140656e-02 8.803634e-02 5.605568e-02 
8.341414e-03 7.733475e-05 1.630693e-02 7.182305e-02 8.824753e-02 5.617034e-02 
8.326918e-03 8.584685e-05 1.640297e-02 7.215091e-02 8.842424e-02 5.628054e-02 
8.299627e-03 9.472407e-05 1.658863e-02 7.275519e-02 8.863182e-02 5.631807e-02 
8.249235e-03 9.790577e-05 1.668398e-02 7.312848e-02 8.878817e-02 5.637452e-02 
8.230631e-03 1.050058e-04 1.687097e-02 7.359040e-02 8.901081e-02 5.649635e-02 
8.208632e-03 1.146650e-04 1.697905e-02 7.400091e-02 8.919893e-02 5.662801e-02 
8.165460e-03 1.181805e-04 1.713035e-02 7.435969e-02 8.937017e-02 5.652826e-02 
8.147680e-03 1.250900e-04 1.724307e-02 7.477915e-02 8.955842e-02 5.660476e-02 
8.115988e-03 1.341763e-04 1.732976e-02 7.513201e-02 8.973140e-02 5.669705e-02 
8.070208e-03 1.394304e-04 1.750439e-02 7.551598e-02 8.991429e-02 5.665467e-02 
8.037941e-03 1.431244e-04 1.761414e-02 7.589282e-02 9.009290e-02 5.669470e-02 
8.012391e-03 1.519118e-04 1.778846e-02 7.640098e-02 9.029324e-02 5.677818e-02 
7.981059e-03 1.559659e-04 1.789725e-02 7.668052e-02 9.047769e-02 5.687158e-02 
7.945372e-03 1.640427e-04 1.799814e-02 7.696875e-02 9.064322e-02 5.689254e-02 
7.901092e-03 1.731713e-04 1.815853e-02 7.751873e-02 9.080943e-02 5.685745e-02 
7.868571e-03 1.729512e-04 1.826076e-02 7.769640e-02 9.097180e-02 5.685212e-02 
7.831655e-03 1.786156e-04 1.840433e-02 7.796851e-02 9.115233e-02 5.679879e-02 
7.800455e-03 1.885972e-04 1.849112e-02 7.834785e-02 9.134093e-02 5.694419e-02 
7.764019e-03 1.913902e-04 1.863379e-02 7.862091e-02 9.150359e-02 5.678068e-02 
7.722897e-03 2.356116e-04 1.875955e-02 7.932219e-02 9.167250e-02 5.701788e-02 
7.667854e-03 2.688760e-04 1.890563e-02 8.000306e-02 9.184452e-02 5.721906e-02 
7.641081e-03 2.903836e-04 1.899379e-02 8.036904e-02 9.200663e-02 5.730529e-02 
7.615097e-03 3.132736e-04 1.912960e-02 8.085620e-02 9.220349e-02 5.746785e-02 
7.560842e-03 3.395282e-04 1.924974e-02 8.128211e-02 9.232178e-02 5.731244e-02 
7.542951e-03 3.555671e-04 1.934201e-02 8.168777e-02 9.251488e-02 5.747014e-02 
7.483533e-03 3.754081e-04 1.950156e-02 8.211450e-02 9.268853e-02 5.750612e-02 
7.400420e-03 3.876142e-04 1.959055e-02 8.239215e-02 9.278984e-02 5.744298e-02 
7.390098e-03 4.109901e-04 1.973464e-02 8.290353e-02 9.300594e-02 5.756410e-02 
7.355524e-03 4.198658e-04 1.983769e-02 8.314295e-02 9.315692e-02 5.751540e-02 
7.308978e-03 4.411987e-04 1.997142e-02 8.360147e-02 9.334677e-02 5.764577e-02 
7.284371e-03 4.667055e-04 2.009323e-02 8.400638e-02 9.351042e-02 5.771137e-02 
7.243112e-03 5.164837e-04 2.019080e-02 8.451917e-02 9.367457e-02 5.782791e-02 
7.131925e-03 5.585728e-04 2.033632e-02 8.514886e-02 9.376384e-02 5.790613e-02 
7.092770e-03 5.718875e-04 2.041261e-02 8.533261e-02 9.389907e-02 5.779171e-02 
7.078205e-03 6.100412e-04 2.054920e-02 8.584361e-02 9.409413e-02 5.780084e-02 
7.044382e-03 6.205392e-04 2.064384e-02 8.603985e-02 9.427485e-02 5.784779e-02 
6.975239e-03 6.367018e-04 2.080481e-02 8.639966e-02 9.441180e-02 5.785687e-02 
6.955488e-03 6.611834e-04 2.089128e-02 8.674201e-02 9.461845e-02 5.800011e-02 
6.911077e-03 6.681558e-04 2.101864e-02 8.698627e-02 9.477058e-02 5.799302e-02 
6.841345e-03 6.826347e-04 2.111923e-02 8.725150e-02 9.489694e-02 5.800821e-02 
6.744875e-03 7.396720e-04 2.125709e-02 8.784629e-02 9.498922e-02 5.804244e-02 
6.735200e-03 8.184347e-04 2.138033e-02 8.846303e-02 9.517402e-02 5.814466e-02 
6.700481e-03 8.862430e-04 2.149575e-02 8.905031e-02 9.533692e-02 5.823585e-02 
6.640669e-03 9.446848e-04 2.162084e-02 8.958330e-02 9.548293e-02 5.833155e-02 
6.561643e-03 9.668984e-04 2.175043e-02 8.989340e-02 9.557351e-02 5.825074e-02 
6.537514e-03 1.008115e-03 2.183474e-02 9.028103e-02 9.578269e-02 5.845091e-02 
6.493869e-03 1.028564e-03 2.196511e-02 9.058387e-02 9.596074e-02 5.854623e-02 
6.437196e-03 1.075113e-03 2.206557e-02 9.100174e-02 9.606117e-02 5.848353e-02 
6.335234e-03 1.097485e-03 2.220825e-02 9.133020e-02 9.613049e-02 5.844302e-02 
6.296413e-03 1.151541e-03 2.228048e-02 9.173373e-02 9.630980e-02 5.858902e-02 
6.273148e-03 1.239899e-03 2.243803e-02 9.240688e-02 9.648689e-02 5.874072e-02 
6.222339e-03 1.302645e-03 2.256070e-02 9.289546e-02 9.663251e-02 5.878818e-02 
6.164489e-03 1.338074e-03 2.267945e-02 9.323221e-02 9.674815e-02 5.876904e-02 
6.062342e-03 1.352262e-03 2.279004e-02 9.341557e-02 9.675830e-02 5.851562e-02 
6.039348e-03 1.392864e-03 2.291997e-02 9.381600e-02 9.697615e-02 5.874655e-02 
6.000420e-03 1.415612e-03 2.302404e-02 9.406765e-02 9.714730e-02 5.882313e-02 
5.951629e-03 1.446382e-03 2.317544e-02 9.435885e-02 9.726045e-02 5.871686e-02 
5.883247e-03 1.454336e-03 2.326254e-02 9.453456e-02 9.738656e-02 5.878689e-02 
5.777789e-03 1.585353e-03 2.340709e-02 9.529454e-02 9.741897e-02 5.883319e-02 
5.735831e-03 1.704539e-03 2.352574e-02 9.595731e-02 9.757788e-02 5.898138e-02 
5.703336e-03 1.771792e-03 2.364621e-02 9.642112e-02 9.776496e-02 5.914049e-02 
5.669625e-03 1.844262e-03 2.375439e-02 9.686504e-02 9.790019e-02 5.909929e-02 
5.601185e-03 1.897382e-03 2.386861e-02 9.726734e-02 9.800295e-02 5.918098e-02 
5.532420e-03 1.952938e-03 2.401137e-02 9.767770e-02 9.809018e-02 5.915346e-02 
5.482188e-03 1.998739e-03 2.413319e-02 9.804460e-02 9.819885e-02 5.918299e-02 
5.431935e-03 2.034552e-03 2.422563e-02 9.834228e-02 9.827637e-02 5.913404e-02 
5.381050e-03 2.117443e-03 2.438501e-02 9.886150e-02 9.843528e-02 5.931070e-02 
5.325235e-03 2.195661e-03 2.449016e-02 9.930369e-02 9.856711e-02 5.942236e-02 
5.194235e-03 2.255163e-03 2.460639e-02 9.966956e-02 9.855732e-02 5.944902e-02 
5.156507e-03 2.309922e-03 2.473700e-02 1.000325e-01 9.870358e-02 5.948783e-02 
5.120128e-03 2.336378e-03 2.484679e-02 1.002747e-01 9.886001e-02 5.953339e-02 
5.075022e-03 2.376615e-03 2.497023e-02 1.005857e-01 9.895915e-02 5.951910e-02 
5.047142e-03 2.395830e-03 2.509026e-02 1.008094e-01 9.910210e-02 5.950663e-02 
4.964472e-03 2.444174e-03 2.520133e-02 1.011395e-01 9.916042e-02 5.954791e-02 
4.901253e-03 2.548051e-03 2.534530e-02 1.016695e-01 9.927791e-02 5.964039e-02 
4.855366e-03 2.736729e-03 2.543867e-02 1.024684e-01 9.940781e-02 5.980407e-02 
4.816145e-03 2.848056e-03 2.557099e-02 1.030085e-01 9.953709e-02 5.985997e-02 
4.760707e-03 2.892310e-03 2.567293e-02 1.033052e-01 9.963933e-02 5.989302e-02 
4.697994e-03 2.990330e-03 2.580033e-02 1.038232e-01 9.971598e-02 5.998279e-02 
4.613658e-03 3.050067e-03 2.592050e-02 1.041667e-01 9.972462e-02 5.992201e-02 
4.517653e-03 3.095206e-03 2.603468e-02 1.044745e-01 9.967282e-02 5.981086e-02 
4.480254e-03 3.133009e-03 2.614973e-02 1.047409e-01 9.979269e-02 5.980786e-02 
4.439989e-03 3.235951e-03 2.628955e-02 1.052320e-01 9.992963e-02 5.989145e-02 
4.393516e-03 3.310521e-03 2.638133e-02 1.056110e-01 1.000532e-01 5.999822e-02 
4.342965e-03 3.373220e-03 2.649824e-02 1.059819e-01 1.001683e-01 6.010974e-02 
4.290463e-03 3.458399e-03 2.660948e-02 1.064146e-01 1.002852e-01 6.026173e-02 
4.207303e-03 3.502066e-03 2.673887e-02 1.067019e-01 1.003092e-01 6.021821e-02 
4.169009e-03 3.565493e-03 2.685451e-02 1.070750e-01 1.004318e-01 6.033049e-02 
4.124296e-03 3.590647e-03 2.695881e-02 1.072984e-01 1.005100e-01 6.027502e-02 
4.081563e-03 3.644270e-03 2.707689e-02 1.076160e-01 1.006334e-01 6.034230e-02 
4.032528e-03 3.862750e-03 2.718983e-02 1.083963e-01 1.007103e-01 6.040718e-02 
3.957967e-03 3.982847e-03 2.729213e-02 1.089023e-01 1.007513e-01 6.049796e-02 
3.836081e-03 4.088193e-03 2.741847e-02 1.093460e-01 1.006068e-01 6.035072e-02 
3.791256e-03 4.184537e-03 2.752706e-02 1.097510e-01 1.006938e-01 6.036571e-02 
3.761326e-03 4.247240e-03 2.766389e-02 1.101019e-01 1.008004e-01 6.036902e-02 
3.720390e-03 4.302910e-03 2.776081e-02 1.104582e-01 1.009257e-01 6.055957e-02 
3.665293e-03 4.349987e-03 2.787163e-02 1.107466e-01 1.009643e-01 6.052320e-02 
3.621134e-03 4.463168e-03 2.798975e-02 1.112306e-01 1.010759e-01 6.069203e-02 
3.559822e-03 4.569622e-03 2.809340e-02 1.116675e-01 1.011179e-01 6.073499e-02 
3.460568e-03 4.629546e-03 2.820579e-02 1.119738e-01 1.010518e-01 6.065325e-02 
3.437930e-03 4.744037e-03 2.831929e-02 1.124423e-01 1.011944e-01 6.077817e-02 
3.406983e-03 4.802132e-03 2.842748e-02 1.127558e-01 1.013117e-01 6.083078e-02 
3.372988e-03 4.848945e-03 2.853521e-02 1.130469e-01 1.014143e-01 6.086697e-02 
3.336006e-03 4.916589e-03 2.864820e-02 1.133964e-01 1.015036e-01 6.092969e-02 
3.264515e-03 4.960368e-03 2.874730e-02 1.136674e-01 1.014909e-01 6.090700e-02 
3.166884e-03 5.203819e-03 2.887245e-02 1.144399e-01 1.014029e-01 6.095307e-02 
3.076213e-03 5.325207e-03 2.896858e-02 1.148951e-01 1.013791e-01 6.104165e-02 
3.060906e-03 5.429450e-03 2.908863e-02 1.153082e-01 1.014889e-01 6.103682e-02 
3.024429e-03 5.510464e-03 2.918822e-02 1.156911e-01 1.015791e-01 6.114699e-02 
2.999458e-03 5.592417e-03 2.931881e-02 1.160605e-01 1.017026e-01 6.118925e-02 
2.946784e-03 5.651419e-03 2.940742e-02 1.163492e-01 1.017236e-01 6.116789e-02 
2.895359e-03 5.727507e-03 2.951654e-02 1.167125e-01 1.017290e-01 6.118285e-02 
2.846014e-03 5.853440e-03 2.962972e-02 1.171635e-01 1.017979e-01 6.125201e-02 
2.763244e-03 6.003203e-03 2.972779e-02 1.176850e-01 1.017205e-01 6.129630e-02 
2.689442e-03 6.066735e-03 2.983965e-02 1.179932e-01 1.016878e-01 6.128202e-02 
2.661489e-03 6.143477e-03 2.993838e-02 1.183180e-01 1.017642e-01 6.125668e-02 
2.630170e-03 6.240388e-03 3.003673e-02 1.187166e-01 1.018481e-01 6.135449e-02 
2.596209e-03 6.298841e-03 3.013844e-02 1.190187e-01 1.019286e-01 6.137914e-02 
2.539597e-03 6.338966e-03 3.024742e-02 1.192654e-01 1.019167e-01 6.132315e-02 
2.488205e-03 6.471140e-03 3.035222e-02 1.197489e-01 1.019314e-01 6.143861e-02 
2.432803e-03 6.663228e-03 3.045813e-02 1.203195e-01 1.019322e-01 6.145530e-02 
2.365976e-03 6.789481e-03 3.054566e-02 1.207480e-01 1.019343e-01 6.154828e-02 
2.305672e-03 6.903554e-03 3.064583e-02 1.211619e-01 1.018700e-01 6.149114e-02 
2.285961e-03 6.991349e-03 3.075188e-02 1.215412e-01 1.019710e-01 6.158107e-02 
2.258164e-03 7.081334e-03 3.086202e-02 1.218911e-01 1.020579e-01 6.159972e-02 
2.226949e-03 7.143071e-03 3.095237e-02 1.222048e-01 1.021321e-01 6.168268e-02 
2.177692e-03 7.218628e-03 3.105149e-02 1.225353e-01 1.021336e-01 6.168625e-02 
2.118490e-03 7.438025e-03 3.116139e-02 1.231401e-01 1.020879e-01 6.169016e-02 
2.101669e-03 7.512430e-03 3.125177e-02 1.234362e-01 1.021877e-01 6.162911e-02 
1.971374e-03 7.643767e-03 3.136174e-02 1.238794e-01 1.019164e-01 6.167259e-02 
1.913459e-03 7.710596e-03 3.144372e-02 1.241831e-01 1.018738e-01 6.169607e-02 
1.881639e-03 7.807831e-03 3.154180e-02 1.245507e-01 1.019119e-01 6.171084e-02 
1.837621e-03 7.876565e-03 3.163246e-02 1.248687e-01 1.019040e-01 6.173780e-02 
1.809816e-03 7.932551e-03 3.172835e-02 1.251413e-01 1.019852e-01 6.173586e-02 
1.785855e-03 8.165044e-03 3.181234e-02 1.257604e-01 1.020517e-01 6.184703e-02 
1.736921e-03 8.266923e-03 3.188840e-02 1.260999e-01 1.020130e-01 6.175829e-02 
1.708601e-03 8.416052e-03 3.201134e-02 1.265601e-01 1.020674e-01 6.180927e-02 
1.647760e-03 8.509822e-03 3.210608e-02 1.268965e-01 1.019604e-01 6.173881e-02 
1.586279e-03 8.598894e-03 3.220620e-02 1.272448e-01 1.019068e-01 6.179790e-02 
1.555953e-03 8.684798e-03 3.229928e-02 1.275621e-01 1.019541e-01 6.177204e-02 
1.531332e-03 8.770921e-03 3.244437e-02 1.279480e-01 1.020287e-01 6.179030e-02 
1.502602e-03 9.010718e-03 3.264915e-02 1.285973e-01 1.020688e-01 6.165788e-02 
1.450323e-03 9.164019e-03 3.284028e-02 1.290953e-01 1.019667e-01 6.145062e-02 
1.399183e-03 9.298221e-03 3.303100e-02 1.295657e-01 1.019311e-01 6.136221e-02 
1.312726e-03 9.389721e-03 3.320282e-02 1.299634e-01 1.017527e-01 6.128306e-02 
1.183632e-03 9.481745e-03 3.341254e-02 1.303388e-01 1.012650e-01 6.096933e-02 
1.162360e-03 9.555470e-03 3.361855e-02 1.307205e-01 1.013770e-01 6.092867e-02 
1.140390e-03 9.841967e-03 3.380982e-02 1.314496e-01 1.014126e-01 6.092093e-02 
1.103139e-03 1.000978e-02 3.393397e-02 1.319210e-01 1.013011e-01 6.078846e-02 
1.057463e-03 1.017762e-02 3.405064e-02 1.323930e-01 1.011558e-01 6.068671e-02 
1.004013e-03 1.031996e-02 3.419080e-02 1.328097e-01 1.009731e-01 6.053329e-02 
9.215232e-04 1.055772e-02 3.431181e-02 1.334062e-01 1.007152e-01 6.057369e-02 
8.756430e-04 1.083333e-02 3.446023e-02 1.341161e-01 1.005883e-01 6.072342e-02 
8.355289e-04 1.099489e-02 3.457366e-02 1.345785e-01 1.004095e-01 6.062473e-02 
8.010805e-04 1.118038e-02 3.468031e-02 1.350714e-01 1.002825e-01 6.058794e-02 
7.547475e-04 1.129681e-02 3.479968e-02 1.354741e-01 1.001381e-01 6.060045e-02 
6.969950e-04 1.159734e-02 3.491663e-02 1.361289e-01 9.983316e-02 6.050524e-02 
5.792540e-04 1.179487e-02 3.505385e-02 1.366591e-01 9.924305e-02 6.052173e-02 
5.577022e-04 1.194966e-02 3.514195e-02 1.370668e-01 9.909853e-02 6.036857e-02 
5.397293e-04 1.207036e-02 3.528130e-02 1.374292e-01 9.906087e-02 6.025940e-02 
5.163099e-04 1.242960e-02 3.539385e-02 1.382171e-01 9.889501e-02 6.035407e-02 
4.804022e-04 1.267219e-02 3.551541e-02 1.387907e-01 9.868352e-02 6.034560e-02 
4.464875e-04 1.282120e-02 3.561810e-02 1.392376e-01 9.850842e-02 6.037623e-02 
3.699590e-04 1.300497e-02 3.572344e-02 1.397095e-01 9.801463e-02 6.036164e-02 
3.531334e-04 1.325456e-02 3.584023e-02 1.402686e-01 9.790886e-02 6.030864e-02 
3.346319e-04 1.347939e-02 3.596033e-02 1.407793e-01 9.777016e-02 6.025651e-02 
3.151462e-04 1.369216e-02 3.608134e-02 1.413090e-01 9.763260e-02 6.031667e-02 
2.855584e-04 1.386559e-02 3.617960e-02 1.417734e-01 9.734460e-02 6.030738e-02 
2.551875e-04 1.409716e-02 3.631054e-02 1.422666e-01 9.709498e-02 6.018491e-02 
1.991728e-04 1.433927e-02 3.639554e-02 1.428257e-01 9.653841e-02 6.022436e-02 
1.796436e-04 1.453628e-02 3.648843e-02 1.433272e-01 9.634242e-02 6.031429e-02 
1.686647e-04 1.476144e-02 3.658938e-02 1.438426e-01 9.617008e-02 6.032301e-02 
1.595086e-04 1.506351e-02 3.674862e-02 1.444471e-01 9.606076e-02 6.027911e-02 
1.483082e-04 1.527386e-02 3.686949e-02 1.449456e-01 9.595278e-02 6.033814e-02 
1.304023e-04 1.550762e-02 3.694302e-02 1.454426e-01 9.566617e-02 6.032499e-02 
1.079498e-04 1.566734e-02 3.703694e-02 1.458353e-01 9.527978e-02 6.021637e-02 
7.919589e-05 1.595971e-02 3.713190e-02 1.464610e-01 9.482042e-02 6.032068e-02 
7.448068e-05 1.616517e-02 3.723478e-02 1.469112e-01 9.468910e-02 6.029595e-02 
6.622524e-05 1.636465e-02 3.730379e-02 1.473651e-01 9.445200e-02 6.031103e-02 
5.841888e-05 1.664843e-02 3.742215e-02 1.479235e-01 9.426484e-02 6.035756e-02 
4.818466e-05 1.691556e-02 3.753388e-02 1.484735e-01 9.388881e-02 6.031276e-02 
3.735241e-05 1.713435e-02 3.761391e-02 1.489368e-01 9.352850e-02 6.029735e-02 
1.752893e-05 1.734994e-02 3.771523e-02 1.494104e-01 9.305147e-02 6.035778e-02 
1.635379e-05 1.762580e-02 3.780850e-02 1.499403e-01 9.286702e-02 6.035577e-02 
1.527298e-05 1.787092e-02 3.787466e-02 1.504551e-01 9.268609e-02 6.046509e-02 
1.404937e-05 1.807200e-02 3.800010e-02 1.508768e-01 9.249339e-02 6.039328e-02 
1.131554e-05 1.829826e-02 3.806201e-02 1.513456e-01 9.218202e-02 6.043337e-02 
8.331309e-06 1.859820e-02 3.814444e-02 1.518770e-01 9.184275e-02 6.042023e-02 
3.449203e-06 1.886093e-02 3.822014e-02 1.524039e-01 9.135243e-02 6.054223e-02 
0.000000e+00 1.906354e-02 3.833088e-02 1.528248e-01 9.102153e-02 6.055145e-02 
0.000000e+00 1.936799e-02 3.842648e-02 1.533383e-01 9.076800e-02 6.050683e-02 
0.000000e+00 1.960111e-02 3.848082e-02 1.537621e-01 9.047758e-02 6.045870e-02 
0.000000e+00 1.982534e-02 3.857469e-02 1.541977e-01 9.026968e-02 6.048807e-02 
0.000000e+00 2.009205e-02 3.863593e-02 1.547343e-01 9.000656e-02 6.071831e-02 
0.000000e+00 2.039455e-02 3.870345e-02 1.552304e-01 8.954511e-02 6.066865e-02 
0.000000e+00 2.062353e-02 3.877822e-02 1.556396e-01 8.889750e-02 6.063932e-02 
0.000000e+00 2.083409e-02 3.888368e-02 1.560748e-01 8.875281e-02 6.073822e-02 
0.000000e+00 2.111813e-02 3.894286e-02 1.565330e-01 8.854329e-02 6.072758e-02 
0.000000e+00 2.140417e-02 3.901751e-02 1.570144e-01 8.822524e-02 6.079737e-02 
0.000000e+00 2.161363e-02 3.908833e-02 1.573991e-01 8.800096e-02 6.082922e-02 
0.000000e+00 2.189220e-02 3.913879e-02 1.578306e-01 8.759972e-02 6.081769e-02 
0.000000e+00 2.217255e-02 3.920773e-02 1.583181e-01 8.714991e-02 6.094010e-02 
0.000000e+00 2.242442e-02 3.924501e-02 1.587276e-01 8.645376e-02 6.100384e-02 
0.000000e+00 2.266114e-02 3.927008e-02 1.591275e-01 8.622440e-02 6.110433e-02 
0.000000e+00 2.296398e-02 3.934503e-02 1.595752e-01 8.592887e-02 6.108211e-02 
0.000000e+00 2.320593e-02 3.943774e-02 1.599622e-01 8.572900e-02 6.106610e-02 
0.000000e+00 2.346942e-02 3.948798e-02 1.604119e-01 8.531269e-02 6.121473e-02 
0.000000e+00 2.368856e-02 3.955852e-02 1.607866e-01 8.502875e-02 6.127949e-02 
0.000000e+00 2.400954e-02 3.963084e-02 1.612108e-01 8.457681e-02 6.125989e-02 
0.000000e+00 2.430036e-02 3.963696e-02 1.616002e-01 8.391311e-02 6.131601e-02 
0.000000e+00 2.453214e-02 3.972722e-02 1.619620e-01 8.370936e-02 6.131700e-02 
0.000000e+00 2.476961e-02 3.975460e-02 1.623297e-01 8.338172e-02 6.140755e-02 
0.000000e+00 2.514855e-02 3.977081e-02 1.627879e-01 8.296494e-02 6.146208e-02 
0.000000e+00 2.537294e-02 3.980678e-02 1.631510e-01 8.272846e-02 6.158874e-02 
0.000000e+00 2.560707e-02 3.985040e-02 1.635010e-01 8.230637e-02 6.167316e-02 
0.000000e+00 2.585301e-02 3.986127e-02 1.638032e-01 8.175053e-02 6.167393e-02 
0.000000e+00 2.622990e-02 3.990011e-02 1.642476e-01 8.102740e-02 6.181350e-02 
0.000000e+00 2.647904e-02 3.992698e-02 1.645628e-01 8.072098e-02 6.181858e-02 
0.000000e+00 2.674853e-02 3.997717e-02 1.649233e-01 8.049408e-02 6.191814e-02 
