-129530.816000
-129529.816000
-129528.816000
-129527.816000
-129526.816000
-129525.816000
-129524.816000
-129523.816000
-129522.816000
-129521.816000
-129520.816000
-129519.816000
-129518.816000
-129517.816000
-129516.816000
-129515.816000
-129514.816000
-129513.816000
-129512.816000
-129511.816000
-129510.816000
-129509.816000
-129508.816000
-129507.816000
-129506.816000
-129505.816000
-129504.816000
-129503.816000
-129502.816000
-129501.816000
-129500.816000
-129499.816000
-129498.816000
-129497.816000
-129496.816000
-129495.816000
-129494.816000
-129493.816000
-129492.816000
-129491.816000
-129490.816000
-129489.816000
-129488.816000
-129487.816000
-129486.816000
-129485.816000
-129484.816000
-129483.816000
-129482.816000
-129481.816000
-129480.816000
-129479.816000
-129478.816000
-129477.816000
-129476.816000
-129475.816000
-129474.816000
-129473.816000
-129472.816000
-129471.816000
-129470.816000
-129469.816000
-129468.816000
-129467.816000
-129466.816000
-129465.816000
-129464.816000
-129463.816000
-129462.816000
-129461.816000
-129460.816000
-129459.816000
-129458.816000
-129457.816000
-129456.816000
-129455.816000
-129454.816000
-129453.816000
-129452.816000
-129451.816000
-129450.816000
-129449.816000
-129448.816000
-129447.816000
-129446.816000
-129445.816000
-129444.816000
-129443.816000
-129442.816000
-129441.816000
-129440.816000
-129439.816000
-129438.816000
-129437.816000
-129436.816000
-129435.816000
-129434.816000
-129433.816000
-129432.816000
-129431.816000
-129430.816000
-129429.816000
-129428.816000
-129427.816000
-129426.816000
-129425.816000
-129424.816000
-129423.816000
-129422.816000
-129421.816000
-129420.816000
-129419.816000
-129418.816000
-129417.816000
-129416.816000
-129415.816000
-129414.816000
-129413.816000
-129412.816000
-129411.816000
-129410.816000
-129409.816000
-129408.816000
-129407.816000
-129406.816000
-129405.816000
-129404.816000
-129403.816000
-129402.816000
-129401.816000
-129400.816000
-129399.816000
-129398.816000
-129397.816000
-129396.816000
-129395.816000
-129394.816000
-129393.816000
-129392.816000
-129391.816000
-129390.816000
-129389.816000
-129388.816000
-129387.816000
-129386.816000
-129385.816000
-129384.816000
-129383.816000
-129382.816000
-129381.816000
-129380.816000
-129379.816000
-129378.816000
-129377.816000
-129376.816000
-129375.816000
-129374.816000
-129373.816000
-129372.816000
-129371.816000
-129370.816000
-129369.816000
-129368.816000
-129367.816000
-129366.816000
-129365.816000
-129364.816000
-129363.816000
-129362.816000
-129361.816000
-129360.816000
-129359.816000
-129358.816000
-129357.816000
-129356.816000
-129355.816000
-129354.816000
-129353.816000
-129352.816000
-129351.816000
-129350.816000
-129349.816000
-129348.816000
-129347.816000
-129346.816000
-129345.816000
-129344.816000
-129343.816000
-129342.816000
-129341.816000
-129340.816000
-129339.816000
-129338.816000
-129337.816000
-129336.816000
-129335.816000
-129334.816000
-129333.816000
-129332.816000
-129331.816000
-129330.816000
-129329.816000
-129328.816000
-129327.816000
-129326.816000
-129325.816000
-129324.816000
-129323.816000
-129322.816000
-129321.816000
-129320.816000
-129319.816000
-129318.816000
-129317.816000
-129316.816000
-129315.816000
-129314.816000
-129313.816000
-129312.816000
-129311.816000
-129310.816000
-129309.816000
-129308.816000
-129307.816000
-129306.816000
-129305.816000
-129304.816000
-129303.816000
-129302.816000
-129301.816000
-129300.816000
-129299.816000
-129298.816000
-129297.816000
-129296.816000
-129295.816000
-129294.816000
-129293.816000
-129292.816000
-129291.816000
-129290.816000
-129289.816000
-129288.816000
-129287.816000
-129286.816000
-129285.816000
-129284.816000
-129283.816000
-129282.816000
-129281.816000
-129280.816000
-129279.816000
-129278.816000
-129277.816000
-129276.816000
-129275.816000
-129274.816000
-129273.816000
-129272.816000
-129271.816000
-129270.816000
-129269.816000
-129268.816000
-129267.816000
-129266.816000
-129265.816000
-129264.816000
-129263.816000
-129262.816000
-129261.816000
-129260.816000
-129259.816000
-129258.816000
-129257.816000
-129256.816000
-129255.816000
-129254.816000
-129253.816000
-129252.816000
-129251.816000
-129250.816000
-129249.816000
-129248.816000
-129247.816000
-129246.816000
-129245.816000
-129244.816000
-129243.816000
-129242.816000
-129241.816000
-129240.816000
-129239.816000
-129238.816000
-129237.816000
-129236.816000
-129235.816000
-129234.816000
-129233.816000
-129232.816000
-129231.816000
-129230.816000
-129229.816000
-129228.816000
-129227.816000
-129226.816000
-129225.816000
-129224.816000
-129223.816000
-129222.816000
-129221.816000
-129220.816000
-129219.816000
-129218.816000
-129217.816000
-129216.816000
-129215.816000
-129214.816000
-129213.816000
-129212.816000
-129211.816000
-129210.816000
-129209.816000
-129208.816000
-129207.816000
-129206.816000
-129205.816000
-129204.816000
-129203.816000
-129202.816000
-129201.816000
-129200.816000
-129199.816000
-129198.816000
-129197.816000
-129196.816000
-129195.816000
-129194.816000
-129193.816000
-129192.816000
-129191.816000
-129190.816000
-129189.816000
-129188.816000
-129187.816000
-129186.816000
-129185.816000
-129184.816000
-129183.816000
-129182.816000
-129181.816000
-129180.816000
-129179.816000
-129178.816000
-129177.816000
-129176.816000
-129175.816000
-129174.816000
-129173.816000
-129172.816000
-129171.816000
-129170.816000
-129169.816000
-129168.816000
-129167.816000
-129166.816000
-129165.816000
-129164.816000
-129163.816000
-129162.816000
-129161.816000
-129160.816000
-129159.816000
-129158.816000
-129157.816000
-129156.816000
-129155.816000
-129154.816000
-129153.816000
-129152.816000
-129151.816000
-129150.816000
-129149.816000
-129148.816000
-129147.816000
-129146.816000
-129145.816000
-129144.816000
-129143.816000
-129142.816000
-129141.816000
-129140.816000
-129139.816000
-129138.816000
-129137.816000
-129136.816000
-129135.816000
-129134.816000
-129133.816000
-129132.816000
-129131.816000
-129130.816000
-129129.816000
-129128.816000
-129127.816000
-129126.816000
-129125.816000
-129124.816000
-129123.816000
-129122.816000
-129121.816000
-129120.816000
-129119.816000
-129118.816000
-129117.816000
-129116.816000
-129115.816000
-129114.816000
-129113.816000
-129112.816000
-129111.816000
-129110.816000
-129109.816000
-129108.816000
-129107.816000
-129106.816000
-129105.816000
-129104.816000
-129103.816000
-129102.816000
-129101.816000
-129100.816000
-129099.816000
-129098.816000
-129097.816000
-129096.816000
-129095.816000
-129094.816000
-129093.816000
-129092.816000
-129091.816000
-129090.816000
-129089.816000
-129088.816000
-129087.816000
-129086.816000
-129085.816000
-129084.816000
-129083.816000
-129082.816000
-129081.816000
-129080.816000
-129079.816000
-129078.816000
-129077.816000
-129076.816000
-129075.816000
-129074.816000
-129073.816000
-129072.816000
-129071.816000
-129070.816000
-129069.816000
-129068.816000
-129067.816000
-129066.816000
-129065.816000
-129064.816000
-129063.816000
-129062.816000
-129061.816000
-129060.816000
-129059.816000
-129058.816000
-129057.816000
-129056.816000
-129055.816000
-129054.816000
-129053.816000
-129052.816000
-129051.816000
-129050.816000
-129049.816000
-129048.816000
-129047.816000
-129046.816000
-129045.816000
-129044.816000
-129043.816000
-129042.816000
-129041.816000
-129040.816000
-129039.816000
-129038.816000
-129037.816000
-129036.816000
-129035.816000
-129034.816000
-129033.816000
-129032.816000
-129031.816000
-129030.816000
-129029.816000
-129028.816000
-129027.816000
-129026.816000
-129025.816000
-129024.816000
-129023.816000
-129022.816000
-129021.816000
-129020.816000
-129019.816000
-129018.816000
-129017.816000
-129016.816000
-129015.816000
-129014.816000
-129013.816000
-129012.816000
-129011.816000
-129010.816000
-129009.816000
-129008.816000
-129007.816000
-129006.816000
-129005.816000
-129004.816000
-129003.816000
-129002.816000
-129001.816000
-129000.816000
-128999.816000
-128998.816000
-128997.816000
-128996.816000
-128995.816000
-128994.816000
-128993.816000
-128992.816000
-128991.816000
-128990.816000
-128989.816000
-128988.816000
-128987.816000
-128986.816000
-128985.816000
-128984.816000
-128983.816000
-128982.816000
-128981.816000
-128980.816000
-128979.816000
-128978.816000
-128977.816000
-128976.816000
-128975.816000
-128974.816000
-128973.816000
-128972.816000
-128971.816000
-128970.816000
-128969.816000
