5.235987755983e-05 5.235987755983e-05 5.235987755983e-05
5.214215494796e-05 5.219566851014e-05 5.230739963408e-05
5.192236654499e-05 5.203452689779e-05 5.225342729930e-05
5.170046843641e-05 5.187664442679e-05 5.219775395039e-05
5.147577488522e-05 5.172472451663e-05 5.213868255946e-05
5.124916966990e-05 5.157609549381e-05 5.207762014385e-05
5.102118152429e-05 5.143076529450e-05 5.201460612839e-05
5.079111628685e-05 5.129086461450e-05 5.194744933156e-05
5.055970575912e-05 5.115389035725e-05 5.187781053332e-05
5.032715245075e-05 5.101973638441e-05 5.180596308048e-05
5.009333128000e-05 5.089058811870e-05 5.172971162188e-05
4.985845503585e-05 5.076417960223e-05 5.165116866909e-05
4.962273146086e-05 5.064025274632e-05 5.157008936491e-05
4.938623990140e-05 5.052070748495e-05 5.148439719617e-05
4.914923327785e-05 5.040372155914e-05 5.139597602738e-05
4.891175296883e-05 5.028891233656e-05 5.130506888238e-05
4.867415441938e-05 5.017845250168e-05 5.120924532498e-05
4.843635039997e-05 5.007002376761e-05 5.111078941225e-05
4.819832088087e-05 4.996371381088e-05 5.100979077967e-05
4.796092154288e-05 4.986093911644e-05 5.090398770214e-05
4.772370435884e-05 4.975997311929e-05 5.079588374410e-05
4.748643590173e-05 4.966079638299e-05 5.068522606812e-05
4.725054247111e-05 4.956473763431e-05 5.056969003673e-05
4.701519964163e-05 4.947075534810e-05 5.045165580755e-05
4.678025389382e-05 4.937855156109e-05 5.033106874407e-05
4.654714961187e-05 4.928874043479e-05 5.020603203329e-05
4.631468557658e-05 4.920039912875e-05 5.007836193461e-05
4.608288057820e-05 4.911352509554e-05 4.994822634151e-05
4.585345199216e-05 4.902923076179e-05 4.981403877041e-05
4.562525349681e-05 4.894644087822e-05 4.967761619475e-05
4.539824831405e-05 4.886508491574e-05 4.953882203825e-05
4.517393684188e-05 4.878564814480e-05 4.939598800346e-05
4.495089733153e-05 4.870752495250e-05 4.925109561506e-05
4.472925504468e-05 4.863051771424e-05 4.910385555014e-05
4.451119734701e-05 4.855498408336e-05 4.895265560902e-05
4.429454733891e-05 4.848057584507e-05 4.879937398700e-05
4.407964152455e-05 4.840733208758e-05 4.864414976927e-05
4.386821027866e-05 4.833541860074e-05 4.848549383673e-05
4.365872319365e-05 4.826452766667e-05 4.832509608544e-05
4.345129523617e-05 4.819463859626e-05 4.816276678145e-05
4.324801555221e-05 4.812558885517e-05 4.799728907367e-05
4.304655819582e-05 4.805731208992e-05 4.782983144890e-05
4.284744037753e-05 4.798983668581e-05 4.766058408231e-05
4.265293786601e-05 4.792310880389e-05 4.748848473016e-05
4.246035034245e-05 4.785699120792e-05 4.731488822107e-05
4.227036403189e-05 4.779135931103e-05 4.713972847390e-05
4.208496156268e-05 4.772581807859e-05 4.696206819001e-05
4.190216331845e-05 4.766084843687e-05 4.678306582904e-05
4.172193658927e-05 4.759606971479e-05 4.660254349569e-05
4.154607036050e-05 4.753119226303e-05 4.642026464796e-05
4.137347695296e-05 4.746656540165e-05 4.623656249045e-05
4.120366708797e-05 4.740219710843e-05 4.605146316280e-05
4.103812050599e-05 4.733715635665e-05 4.586452069658e-05
4.087561751873e-05 4.727231622267e-05 4.567642302343e-05
4.071589511041e-05 4.720755179338e-05 4.548734721309e-05
4.056104810243e-05 4.714165886642e-05 4.529694359537e-05
4.040893597425e-05 4.707577114410e-05 4.510574749915e-05
4.025981910101e-05 4.700944659601e-05 4.491364794118e-05
4.011548251893e-05 4.694194791951e-05 4.472064692410e-05
3.997350627365e-05 4.687397823077e-05 4.452705545187e-05
3.983390039824e-05 4.680568526250e-05 4.433283100161e-05
3.969882924091e-05 4.673547916007e-05 4.413801529153e-05
3.956646387337e-05 4.666499106876e-05 4.394285160047e-05
3.943649987494e-05 4.659399760635e-05 4.374719446307e-05
3.931049891047e-05 4.652103620259e-05 4.355154863067e-05
3.918728155042e-05 4.644780144140e-05 4.335570983768e-05
3.906646261008e-05 4.637376371911e-05 4.315973269530e-05
3.894986045975e-05 4.629789276427e-05 4.296410583418e-05
3.883575377179e-05 4.622109117893e-05 4.276859095619e-05
3.872420866758e-05 4.614344987825e-05 4.257317307427e-05
3.861650881485e-05 4.606367225763e-05 4.237832389246e-05
3.851114129916e-05 4.598288947999e-05 4.218369910962e-05
3.840827722198e-05 4.590111690605e-05 4.198957950116e-05
3.830932640385e-05 4.581704911527e-05 4.179680741162e-05
3.821278056889e-05 4.573193834206e-05 4.160447712844e-05
3.811858098861e-05 4.564554094048e-05 4.141276576975e-05
3.802792477872e-05 4.555675202709e-05 4.122251758733e-05
3.793964914030e-05 4.546683326863e-05 4.103301047308e-05
3.785363801231e-05 4.537568937649e-05 4.084447835709e-05
3.777088625451e-05 4.528205314761e-05 4.065786819971e-05
3.769028490508e-05 4.518687426293e-05 4.047214649929e-05
3.761179771317e-05 4.509047697360e-05 4.028740599261e-05
3.753634282999e-05 4.499140626470e-05 4.010489003879e-05
3.746251367830e-05 4.489100750645e-05 3.992345754728e-05
3.739074188396e-05 4.478907600529e-05 3.974345268008e-05
3.732145350798e-05 4.468435019933e-05 3.956606888486e-05
3.725392978583e-05 4.457812815513e-05 3.939003562008e-05
3.718823111355e-05 4.447047934574e-05 3.921543781696e-05
3.712439215621e-05 4.436001273743e-05 3.904377172622e-05
3.706219985699e-05 4.424809489800e-05 3.887351821402e-05
3.700154853806e-05 4.413459266120e-05 3.870487814033e-05
3.694242663042e-05 4.401833667368e-05 3.853924931159e-05
3.688483027714e-05 4.390063791459e-05 3.837555003768e-05
3.682827087957e-05 4.378138414058e-05 3.821332817672e-05
3.677285992768e-05 4.365958633359e-05 3.805407818400e-05
3.671809628437e-05 4.353616131673e-05 3.789680162774e-05
3.666447649177e-05 4.341112642978e-05 3.774149450657e-05
3.661175341237e-05 4.328370846450e-05 3.758968801163e-05
3.655948496389e-05 4.315457692232e-05 3.743960686584e-05
3.650790496941e-05 4.302384341736e-05 3.729141903872e-05
3.645647715191e-05 4.289108239671e-05 3.714646981095e-05
3.640554513055e-05 4.275661387622e-05 3.700349787195e-05
3.635489828508e-05 4.262060476458e-05 3.686237677190e-05
3.630396253456e-05 4.248221004931e-05 3.672493291273e-05
3.625325154014e-05 4.234252849688e-05 3.658930660638e-05
3.620261772338e-05 4.220153740530e-05 3.645547778179e-05
3.615136514684e-05 4.205866814193e-05 3.632516280620e-05
3.610009191878e-05 4.191450885051e-05 3.619690052595e-05
3.604867119715e-05 4.176914382578e-05 3.607044900949e-05
3.599618514169e-05 4.162207376727e-05 3.594745166082e-05
3.594310093611e-05 4.147414702424e-05 3.582636318059e-05
3.588950841892e-05 4.132557399235e-05 3.570731162128e-05
3.583470914760e-05 4.117593250900e-05 3.559155123531e-05
3.577932273468e-05 4.102556394820e-05 3.547777662320e-05
3.572333259130e-05 4.087478477316e-05 3.536592161511e-05
3.566567656269e-05 4.072341459948e-05 3.525729210633e-05
3.560758959941e-05 4.057181256251e-05 3.515046607392e-05
3.554882911518e-05 4.041993102588e-05 3.504550450202e-05
3.548808898878e-05 4.026790506114e-05 3.494363505135e-05
3.542647580903e-05 4.011560010882e-05 3.484332474846e-05
3.536395963855e-05 3.996298026186e-05 3.474461308319e-05
3.529918235081e-05 3.981026428850e-05 3.464885487574e-05
3.523365089766e-05 3.965755337154e-05 3.455454311506e-05
3.516713173289e-05 3.950455796248e-05 3.446169674020e-05
3.509847645624e-05 3.935178577760e-05 3.437138481839e-05
3.502880014926e-05 3.919906218420e-05 3.428264312479e-05
3.495805427001e-05 3.904632614964e-05 3.419527096821e-05
3.488503595060e-05 3.889388398732e-05 3.410998182924e-05
3.481080596892e-05 3.874148792842e-05 3.402593503240e-05
3.473532882588e-05 3.858913815901e-05 3.394310207220e-05
3.465770170630e-05 3.843750122751e-05 3.386224867393e-05
3.457888450800e-05 3.828601683438e-05 3.378257520867e-05
3.449900032411e-05 3.813470001556e-05 3.370390366002e-05
3.441711537819e-05 3.798424345613e-05 3.362663050391e-05
3.433382387321e-05 3.783378570675e-05 3.355034283051e-05
3.424914910524e-05 3.768356821739e-05 3.347508439742e-05
3.416245740141e-05 3.753440206158e-05 3.340103519860e-05
3.407437479810e-05 3.738561964031e-05 3.332796277070e-05
3.398521095007e-05 3.723710158720e-05 3.325562973565e-05
3.389385547090e-05 3.708954880694e-05 3.318401510866e-05
3.380145778574e-05 3.694241648255e-05 3.311309485710e-05
3.370788659584e-05 3.679566202348e-05 3.304274500483e-05
3.361199816867e-05 3.665014514161e-05 3.297301103454e-05
3.351524045628e-05 3.650498768852e-05 3.290372118988e-05
3.341725963130e-05 3.636027526870e-05 3.283491439635e-05
3.331745307132e-05 3.621710746707e-05 3.276657182213e-05
3.321633571052e-05 3.607416254752e-05 3.269858314991e-05
3.311427960268e-05 3.593157460699e-05 3.263093187623e-05
3.301051121361e-05 3.579047704127e-05 3.256341493433e-05
3.290585727951e-05 3.564998713564e-05 3.249623100777e-05
3.280021955535e-05 3.550968933302e-05 3.242912188565e-05
3.269310345107e-05 3.537087124098e-05 3.236221565673e-05
3.258504259274e-05 3.523261546606e-05 3.229539353430e-05
3.247601637701e-05 3.509476490721e-05 3.222851443288e-05
3.236554150729e-05 3.495854817770e-05 3.216166346213e-05
3.225409592933e-05 3.482280263259e-05 3.209487205919e-05
3.214203726108e-05 3.468771859856e-05 3.202804158529e-05
3.202891978866e-05 3.455392558406e-05 3.196093303216e-05
3.191511178353e-05 3.442078767705e-05 3.189373443681e-05
3.180048907700e-05 3.428836368421e-05 3.182650500323e-05
3.168506207297e-05 3.415729486815e-05 3.175881529368e-05
3.156911630114e-05 3.402687336734e-05 3.169108467380e-05
3.145246017303e-05 3.389708774629e-05 3.162322299364e-05
3.133536908720e-05 3.376852510966e-05 3.155494495874e-05
3.121728500432e-05 3.364066774092e-05 3.148633196919e-05
3.109881001388e-05 3.351350351332e-05 3.141756721298e-05
3.098004166605e-05 3.338765689380e-05 3.134848062092e-05
3.086063013425e-05 3.326248805568e-05 3.127917484724e-05
3.074084442179e-05 3.313806011219e-05 3.120986292583e-05
3.062091574033e-05 3.301526667628e-05 3.113971499106e-05
3.050068654356e-05 3.289280662404e-05 3.106964055495e-05
3.038012683730e-05 3.277104477611e-05 3.099921575109e-05
3.025950744312e-05 3.265078141920e-05 3.092818975597e-05
3.013862149291e-05 3.253110338276e-05 3.085687402213e-05
3.001757077706e-05 3.241206436270e-05 3.078536948682e-05
2.989669155833e-05 3.229424472849e-05 3.071317206336e-05
2.977550900886e-05 3.217732775168e-05 3.064093240367e-05
2.965422208237e-05 3.206100929405e-05 3.056848937012e-05
2.953296200340e-05 3.194585172210e-05 3.049545982084e-05
2.941180614282e-05 3.183124757633e-05 3.042225672897e-05
2.929040503542e-05 3.171735546052e-05 3.034886420501e-05
2.916920847576e-05 3.160445586511e-05 3.027492752890e-05
2.904793099378e-05 3.149230837962e-05 3.020070298191e-05
2.892665787028e-05 3.138074667484e-05 3.012625165786e-05
2.880547422839e-05 3.126996524028e-05 3.005136375016e-05
2.868402683646e-05 3.115965391754e-05 2.997632017582e-05
2.856256460866e-05 3.104986593688e-05 2.990108128968e-05
2.844143984654e-05 3.094100258094e-05 2.982536303738e-05
2.832006141051e-05 3.083256770976e-05 2.974955549120e-05
2.819852617056e-05 3.072447666294e-05 2.967360045994e-05
2.807730747697e-05 3.061697440886e-05 2.959694775800e-05
2.795594447049e-05 3.051000940925e-05 2.952029666745e-05
2.783444683906e-05 3.040357411594e-05 2.944346794405e-05
2.771321993639e-05 3.029753503393e-05 2.936619433529e-05
2.759200633780e-05 3.019192667402e-05 2.928898679622e-05
2.747054675828e-05 3.008668464598e-05 2.921153862313e-05
2.734918929795e-05 2.998218165173e-05 2.913366777752e-05
2.722775591210e-05 2.987794515405e-05 2.905564282118e-05
2.710630593970e-05 2.977404876086e-05 2.897748452161e-05
2.698524024082e-05 2.967073116362e-05 2.889906121445e-05
2.686413211518e-05 2.956774038472e-05 2.882053135962e-05
2.674277908516e-05 2.946508908385e-05 2.874200692492e-05
2.662189517683e-05 2.936284535522e-05 2.866356904518e-05
2.650085567409e-05 2.926107514294e-05 2.858478118967e-05
2.637972137111e-05 2.915964837967e-05 2.850580002503e-05
2.625901527572e-05 2.905859087255e-05 2.842690395811e-05
2.613812693248e-05 2.895786594541e-05 2.834772238169e-05
2.601690521832e-05 2.885734701536e-05 2.826844842894e-05
2.589631846352e-05 2.875728025070e-05 2.818911624581e-05
2.577553048819e-05 2.865769409317e-05 2.810987286987e-05
2.565463412497e-05 2.855839910266e-05 2.803059534094e-05
2.553401412549e-05 2.845973172867e-05 2.795102467676e-05
2.541333655361e-05 2.836135360714e-05 2.787158706176e-05
2.529252437309e-05 2.826332741748e-05 2.779201485315e-05
2.517193574609e-05 2.816561361044e-05 2.771267041382e-05
2.505131422860e-05 2.806843932254e-05 2.763333162483e-05
2.493065851165e-05 2.797161442897e-05 2.755392612176e-05
2.481042102044e-05 2.787499267674e-05 2.747435834904e-05
2.469017891805e-05 2.777907368622e-05 2.739493631362e-05
2.456980768171e-05 2.768354145616e-05 2.731557087458e-05
2.444978552392e-05 2.758856839691e-05 2.723623869239e-05
2.432976657159e-05 2.749399565687e-05 2.715699121905e-05
2.420978665080e-05 2.739993217422e-05 2.707764709360e-05
2.409008484831e-05 2.730619542096e-05 2.699864450460e-05
2.397017628267e-05 2.721292126261e-05 2.691936505989e-05
2.385022479520e-05 2.712016806716e-05 2.684012575265e-05
2.373100532544e-05 2.702829586629e-05 2.676117872212e-05
2.361170778774e-05 2.693669952732e-05 2.668199287350e-05
2.349226012271e-05 2.684552252770e-05 2.660283912287e-05
2.337346031749e-05 2.675499288528e-05 2.652399171365e-05
2.325443151007e-05 2.666488004261e-05 2.644498624556e-05
2.313550340474e-05 2.657534652795e-05 2.636620151393e-05
2.301728801428e-05 2.648649308797e-05 2.628773501418e-05
2.289926094171e-05 2.639830881986e-05 2.620928454312e-05
2.278117869714e-05 2.631059742739e-05 2.613064602760e-05
2.266352509687e-05 2.622342075890e-05 2.605211655626e-05
2.254594939233e-05 2.613668187898e-05 2.597358270842e-05
2.242844076641e-05 2.605059573623e-05 2.589516118468e-05
2.231151710512e-05 2.596531839520e-05 2.581694591361e-05
2.219481570412e-05 2.588048175720e-05 2.573874045129e-05
2.207830650315e-05 2.579622723151e-05 2.566054053716e-05
2.196244972004e-05 2.571281433667e-05 2.558252578630e-05
2.184663201329e-05 2.562997316058e-05 2.550442552129e-05
2.173099754755e-05 2.554773059315e-05 2.542626324405e-05
2.161592578272e-05 2.546607846503e-05 2.534841712139e-05
2.150110178401e-05 2.538516078679e-05 2.527066718184e-05
2.138651838793e-05 2.530478656154e-05 2.519275156885e-05
2.127266505237e-05 2.522515299507e-05 2.511504064096e-05
2.115893975521e-05 2.514615392128e-05 2.503719382309e-05
2.104546889271e-05 2.506787110519e-05 2.495943795633e-05
2.093280032119e-05 2.499024253037e-05 2.488183617833e-05
2.082042496973e-05 2.491318064798e-05 2.480418707225e-05
2.070810793073e-05 2.483679865742e-05 2.472650313064e-05
2.059648345051e-05 2.476109442235e-05 2.464897043776e-05
2.048536422065e-05 2.468618049072e-05 2.457160295655e-05
2.037455601712e-05 2.461190251098e-05 2.449420819443e-05
2.026403161344e-05 2.453823790920e-05 2.441689833660e-05
2.015413091918e-05 2.446526632211e-05 2.433958331538e-05
2.004464764042e-05 2.439293893420e-05 2.426223091685e-05
1.993619176165e-05 2.432122674396e-05 2.418517666116e-05
1.982783250680e-05 2.425034685238e-05 2.410820252068e-05
1.971990986852e-05 2.418007496820e-05 2.403094242388e-05
1.961287003847e-05 2.411023281903e-05 2.395375113744e-05
1.950598559697e-05 2.404122857709e-05 2.387656543224e-05
1.939959827074e-05 2.397270486190e-05 2.379930801491e-05
1.929371032697e-05 2.390495135932e-05 2.372214713675e-05
1.918845120927e-05 2.383788204954e-05 2.364502025597e-05
1.908352723934e-05 2.377119193503e-05 2.356779891641e-05
1.897932630392e-05 2.370532155095e-05 2.349084489949e-05
1.887548230356e-05 2.363985598248e-05 2.341359005426e-05
1.877211508995e-05 2.357502447562e-05 2.333626852833e-05
1.866931539301e-05 2.351081381415e-05 2.325913722075e-05
1.856701296335e-05 2.344734419022e-05 2.318192244002e-05
1.846526029125e-05 2.338439737294e-05 2.310465235899e-05
1.836439657689e-05 2.332196791953e-05 2.302744483293e-05
1.826367317427e-05 2.326015656191e-05 2.295015068607e-05
1.816359597636e-05 2.319879128752e-05 2.287272675516e-05
1.806440173229e-05 2.313798427875e-05 2.279543323304e-05
1.796562670279e-05 2.307776298731e-05 2.271818743544e-05
1.786693511579e-05 2.301816517971e-05 2.264081850372e-05
1.776862440772e-05 2.295931072527e-05 2.256373274053e-05
1.767090883873e-05 2.290070460779e-05 2.248648543906e-05
1.757344119088e-05 2.284272436237e-05 2.240910114239e-05
1.747617466271e-05 2.278544023877e-05 2.233183594000e-05
1.737935338268e-05 2.272848096650e-05 2.225453670454e-05
1.728285046298e-05 2.267224647518e-05 2.217715260204e-05
1.718682825139e-05 2.261642029675e-05 2.209976434494e-05
1.709123028264e-05 2.256122642135e-05 2.202244416575e-05
1.699592255600e-05 2.250655330997e-05 2.194507536121e-05
1.690129073402e-05 2.245249300731e-05 2.186781102100e-05
1.680712741325e-05 2.239888460715e-05 2.179053209249e-05
1.671334410181e-05 2.234589201484e-05 2.171319313249e-05
1.662019282026e-05 2.229339813889e-05 2.163618393491e-05
1.652731945454e-05 2.224155121954e-05 2.155899749790e-05
1.643478704279e-05 2.219020654567e-05 2.148171969452e-05
1.634285216637e-05 2.213949781740e-05 2.140453376293e-05
1.625137214044e-05 2.208934494268e-05 2.132741300153e-05
1.616030084932e-05 2.203961488983e-05 2.125020543996e-05
1.606972170634e-05 2.199032194297e-05 2.117310272295e-05
1.597981126335e-05 2.194139640673e-05 2.109589679881e-05
1.589031712107e-05 2.189297558368e-05 2.101861523817e-05
1.580139824766e-05 2.184520513812e-05 2.094160617283e-05
1.571302720152e-05 2.179799003222e-05 2.086445950201e-05
1.562508610167e-05 2.175113502766e-05 2.078728796813e-05
1.553777686741e-05 2.170453850037e-05 2.071024624035e-05
1.545088392755e-05 2.165850800400e-05 2.063323538721e-05
1.536448605403e-05 2.161299948229e-05 2.055619364692e-05
1.527880100579e-05 2.156813478290e-05 2.047916960922e-05
1.519361070199e-05 2.152358694412e-05 2.040234329725e-05
1.510886773997e-05 2.147945869946e-05 2.032539248659e-05
1.502472286554e-05 2.143603022101e-05 2.024855321048e-05
1.494107441778e-05 2.139275539979e-05 2.017162763236e-05
1.485805276018e-05 2.134991736672e-05 2.009475011502e-05
1.477535092556e-05 2.130771965707e-05 2.001776383725e-05
1.469328431145e-05 2.126579829864e-05 1.994084159072e-05
1.461178837317e-05 2.122442320289e-05 1.986393418763e-05
1.453100521799e-05 2.118340446453e-05 1.978707914269e-05
1.445078311823e-05 2.114295394855e-05 1.971031621737e-05
1.437119296778e-05 2.110278864769e-05 1.963358971773e-05
1.429212698137e-05 2.106304306978e-05 1.955688307234e-05
1.421375458085e-05 2.102363400050e-05 1.948033591635e-05
1.413604553078e-05 2.098467314656e-05 1.940393480154e-05
1.405861303340e-05 2.094604703573e-05 1.932749324933e-05
1.398188354405e-05 2.090778232963e-05 1.925107499555e-05
1.390563799298e-05 2.086973547081e-05 1.917453185935e-05
1.383022739528e-05 2.083231524480e-05 1.909824896365e-05
1.375535813742e-05 2.079521693456e-05 1.902200199508e-05
1.368094616454e-05 2.075834022241e-05 1.894563576960e-05
1.360703975502e-05 2.072185255690e-05 1.886920215923e-05
1.353380112497e-05 2.068583634630e-05 1.879283819437e-05
1.346111983549e-05 2.065007719457e-05 1.871644177506e-05
1.338900678730e-05 2.061458630752e-05 1.864041680422e-05
1.331757697886e-05 2.057937035073e-05 1.856441183356e-05
1.324670845721e-05 2.054442437555e-05 1.848835868782e-05
1.317639862429e-05 2.050976295239e-05 1.841247186752e-05
1.310667728494e-05 2.047532254399e-05 1.833650881132e-05
1.303739945586e-05 2.044110166502e-05 1.826044646472e-05
1.296890407819e-05 2.040754249077e-05 1.818451889717e-05
1.290092483990e-05 2.037403253960e-05 1.810858817344e-05
1.283358315169e-05 2.034074494110e-05 1.803282551397e-05
1.276674009603e-05 2.030760238366e-05 1.795699213184e-05
1.270049883102e-05 2.027496894957e-05 1.788112140705e-05
1.263483570460e-05 2.024240048256e-05 1.780537897459e-05
1.256984097611e-05 2.021013743456e-05 1.773003215135e-05
1.250522491123e-05 2.017787065691e-05 1.765444641812e-05
1.244113689661e-05 2.014577854980e-05 1.757875537081e-05
1.237765955947e-05 2.011420577483e-05 1.750311993328e-05
1.231477994135e-05 2.008275859802e-05 1.742754089215e-05
1.225249684750e-05 2.005144249647e-05 1.735200339132e-05
1.219075552518e-05 2.002035049021e-05 1.727656224507e-05
1.212960901962e-05 1.998953383966e-05 1.720119154504e-05
1.206899241030e-05 1.995876442978e-05 1.712580270353e-05
1.200886492935e-05 1.992838163423e-05 1.705031165987e-05
1.194937560268e-05 1.989802354437e-05 1.697505492329e-05
1.189043794385e-05 1.986785201469e-05 1.689967304356e-05
1.183212216693e-05 1.983801171379e-05 1.682438973084e-05
1.177419274811e-05 1.980809670899e-05 1.674894100044e-05
1.171680107920e-05 1.977821762416e-05 1.667365948749e-05
1.165997498334e-05 1.974841287616e-05 1.659869733419e-05
1.160379088502e-05 1.971883878888e-05 1.652372947612e-05
1.154814869208e-05 1.968929340770e-05 1.644872665634e-05
1.149315426888e-05 1.966012699092e-05 1.637376112986e-05
1.143864373071e-05 1.963109795082e-05 1.629878111212e-05
1.138464435938e-05 1.960201557951e-05 1.622396727145e-05
1.133124387481e-05 1.957319386732e-05 1.614935461069e-05
1.127822111072e-05 1.954411994492e-05 1.607463494364e-05
1.122567273783e-05 1.951502864183e-05 1.599984301248e-05
1.117380812949e-05 1.948637257325e-05 1.592500346291e-05
1.112249017419e-05 1.945775667929e-05 1.585027534303e-05
1.107162332402e-05 1.942910907354e-05 1.577555035785e-05
1.102129481332e-05 1.940050762787e-05 1.570087047852e-05
1.097155174509e-05 1.937213141123e-05 1.562614714856e-05
1.092227443040e-05 1.934368008807e-05 1.555137170737e-05
1.087340963769e-05 1.931517940245e-05 1.547687989110e-05
1.082505058664e-05 1.928679456567e-05 1.540243175799e-05
1.077718086558e-05 1.925845301810e-05 1.532808952713e-05
1.072995364460e-05 1.923033305875e-05 1.525369568692e-05
1.068305517248e-05 1.920208157556e-05 1.517921650796e-05
1.063656610801e-05 1.917371177848e-05 1.510473984507e-05
1.059060509457e-05 1.914550251671e-05 1.503021900711e-05
1.054520108856e-05 1.911721619397e-05 1.495573187419e-05
1.050037402341e-05 1.908901686109e-05 1.488126515131e-05
1.045603066641e-05 1.906085021514e-05 1.480726573163e-05
1.041215814965e-05 1.903263843490e-05 1.473314443992e-05
1.036873255474e-05 1.900433082057e-05 1.465906727767e-05
1.032582034977e-05 1.897624529762e-05 1.458494063701e-05
1.028349490982e-05 1.894817432661e-05 1.451102089049e-05
1.024162956996e-05 1.891997944605e-05 1.443704072544e-05
1.020014595614e-05 1.889182064130e-05 1.436300499197e-05
1.015902748903e-05 1.886346488622e-05 1.428896836817e-05
1.011850823427e-05 1.883509571838e-05 1.421496683661e-05
1.007846344230e-05 1.880688487455e-05 1.414109935555e-05
1.003873027489e-05 1.877852203549e-05 1.406714270433e-05
9.999438894033e-06 1.875013258032e-05 1.399342720557e-05
9.960840020736e-06 1.872202936969e-05 1.391965256470e-05
9.922544966503e-06 1.869378444262e-05 1.384606317404e-05
9.884652936653e-06 1.866548264327e-05 1.377253232998e-05
9.847520667240e-06 1.863741486907e-05 1.369881935482e-05
9.810654194152e-06 1.860933115710e-05 1.362536653083e-05
9.774190754748e-06 1.858128299033e-05 1.355199257355e-05
9.738236554405e-06 1.855362208356e-05 1.347894328036e-05
9.702818085389e-06 1.852610434108e-05 1.340598800091e-05
9.667811471882e-06 1.849857176804e-05 1.333300074158e-05
9.633326888100e-06 1.847124914294e-05 1.325997851102e-05
9.599310165950e-06 1.844404493622e-05 1.318719916550e-05
9.565749498657e-06 1.841691464935e-05 1.311455992797e-05
9.532685783927e-06 1.838999251396e-05 1.304187468571e-05
9.499890517191e-06 1.836303675267e-05 1.296950928030e-05
9.467553527925e-06 1.833614068411e-05 1.289745251738e-05
9.435740400242e-06 1.830937880291e-05 1.282511077947e-05
9.404293976489e-06 1.828265987971e-05 1.275306482059e-05
9.373304833639e-06 1.825599975447e-05 1.268101964633e-05
9.342670642684e-06 1.822952730589e-05 1.260931835268e-05
9.312593868898e-06 1.820308470191e-05 1.253767788445e-05
9.283098319247e-06 1.817675466565e-05 1.246616094387e-05
9.254032777102e-06 1.815049054484e-05 1.239471695349e-05
9.225355712442e-06 1.812430248045e-05 1.232349378891e-05
9.197127647108e-06 1.809809622015e-05 1.225223160260e-05
9.169373971277e-06 1.807197550925e-05 1.218113220952e-05
9.142192315805e-06 1.804589331426e-05 1.211006687293e-05
9.115400034969e-06 1.801976804439e-05 1.203906026845e-05
9.088983308604e-06 1.799377355808e-05 1.196824329837e-05
9.063011771880e-06 1.796771671144e-05 1.189745943367e-05
9.037475780237e-06 1.794166908562e-05 1.182681233144e-05
9.012447641008e-06 1.791588117637e-05 1.175651859070e-05
8.987968789284e-06 1.788999503670e-05 1.168620672404e-05
8.963861633059e-06 1.786401477690e-05 1.161599340018e-05
8.940059705859e-06 1.783809269613e-05 1.154596869464e-05
8.916639895783e-06 1.781209718502e-05 1.147611802545e-05
8.893606818251e-06 1.778607823436e-05 1.140642244146e-05
8.871023432072e-06 1.776010225555e-05 1.133681379671e-05
8.848954521057e-06 1.773422155469e-05 1.126756077291e-05
8.827338152833e-06 1.770829060429e-05 1.119840762239e-05
8.805951808946e-06 1.768237478919e-05 1.112920146047e-05
8.785275320916e-06 1.765650345428e-05 1.106029210033e-05
8.765029220055e-06 1.763050630466e-05 1.099151861087e-05
8.745179616887e-06 1.760447323107e-05 1.092270473641e-05
8.725620155674e-06 1.757836452135e-05 1.085404061672e-05
8.706425404835e-06 1.755216946638e-05 1.078563264647e-05
8.687727137794e-06 1.752608670394e-05 1.071739177104e-05
8.669491935153e-06 1.749983181844e-05 1.064913986725e-05
8.651564736951e-06 1.747348192412e-05 1.058108204203e-05
8.634060076170e-06 1.744720613025e-05 1.051318880288e-05
8.617238391211e-06 1.742078689288e-05 1.044537513829e-05
8.600666907168e-06 1.739431305069e-05 1.037787694727e-05
8.584493105107e-06 1.736791204761e-05 1.031043307457e-05
8.568712451092e-06 1.734135369216e-05 1.024311509344e-05
8.553241798637e-06 1.731466337439e-05 1.017596349541e-05
8.538215082135e-06 1.728799466257e-05 1.010894505025e-05
8.523632348469e-06 1.726122013714e-05 1.004212151999e-05
8.509431359787e-06 1.723434436704e-05 9.975462369624e-06
8.495829263963e-06 1.720739080499e-05 9.908805500438e-06
8.482610696180e-06 1.718031489611e-05 9.842391777298e-06
8.469735883786e-06 1.715326641536e-05 9.776389062045e-06
8.457560864337e-06 1.712626346139e-05 9.710690023757e-06
8.445590209723e-06 1.709897402351e-05 9.644924858600e-06
8.433980642678e-06 1.707153599157e-05 9.579373207128e-06
8.422866823162e-06 1.704402722695e-05 9.513862512135e-06
8.412012157530e-06 1.701645950942e-05 9.448622413307e-06
8.401607896418e-06 1.698880885596e-05 9.383673755801e-06
8.391587404291e-06 1.696106210938e-05 9.318818915709e-06
8.381800932196e-06 1.693321869217e-05 9.254214937981e-06
8.372304752935e-06 1.690522740987e-05 9.189811276497e-06
8.363271049590e-06 1.687723747688e-05 9.125650214399e-06
8.354701163374e-06 1.684910215727e-05 9.061668854457e-06
8.346550299327e-06 1.682081174030e-05 8.997897717677e-06
8.338772092740e-06 1.679246440480e-05 8.934300961309e-06
8.331487349627e-06 1.676393374582e-05 8.870943310980e-06
8.324589441260e-06 1.673528336589e-05 8.807745515499e-06
8.318166803925e-06 1.670643736879e-05 8.744573660767e-06
8.311907535769e-06 1.667761456439e-05 8.681918385847e-06
8.305934070964e-06 1.664858986092e-05 8.619396402008e-06
8.300558776885e-06 1.661946940939e-05 8.557037856225e-06
8.295454275649e-06 1.659024716475e-05 8.494964451002e-06
8.290633991697e-06 1.656086173476e-05 8.433094333229e-06
8.286214103117e-06 1.653142317860e-05 8.371499903570e-06
8.281855931946e-06 1.650189845475e-05 8.310160245389e-06
8.278053819288e-06 1.647214521924e-05 8.248998863210e-06
8.274727167278e-06 1.644236639683e-05 8.188103966941e-06
8.271626186986e-06 1.641240307413e-05 8.127395748577e-06
8.268652962991e-06 1.638233902788e-05 8.066940429953e-06
8.266100915728e-06 1.635227319671e-05 8.006849171186e-06
8.263969192223e-06 1.632199678315e-05 7.946976358194e-06
8.262198341393e-06 1.629165328265e-05 7.887498001372e-06
8.260653013476e-06 1.626135924209e-05 7.828404783120e-06
8.259549200408e-06 1.623075726156e-05 7.769335970424e-06
8.258524421879e-06 1.620002774504e-05 7.710489279963e-06
8.258206558772e-06 1.616909803945e-05 7.651900722890e-06
8.257893469069e-06 1.613818721779e-05 7.593649209624e-06
8.257928162995e-06 1.610709251613e-05 7.535619861892e-06
8.258119242085e-06 1.607594001258e-05 7.477871525951e-06
8.258842608315e-06 1.604470086166e-05 7.420528015572e-06
8.259926460831e-06 1.601334791083e-05 7.363537298448e-06
8.261286907630e-06 1.598191526488e-05 7.306796477603e-06
8.262822872996e-06 1.595030294500e-05 7.250274872110e-06
8.264690847623e-06 1.591854881923e-05 7.194043666318e-06
8.267188549602e-06 1.588674753031e-05 7.138327043928e-06
8.269799533150e-06 1.585476807220e-05 7.082700975982e-06
8.272788948067e-06 1.582248640244e-05 7.027191300712e-06
8.276133518146e-06 1.579020092092e-05 6.972076842496e-06
8.279806523254e-06 1.575775342689e-05 6.917281159728e-06
8.283586103084e-06 1.572518879669e-05 6.862711646309e-06
8.287878396814e-06 1.569262193455e-05 6.808702378501e-06
8.292286502001e-06 1.566005194824e-05 6.755040504211e-06
8.296815881089e-06 1.562734558714e-05 6.701594455519e-06
8.301925325446e-06 1.559444178090e-05 6.648506390136e-06
8.307297952541e-06 1.556152878097e-05 6.595836251698e-06
8.312718731854e-06 1.552851527626e-05 6.543387255510e-06
8.318540048892e-06 1.549549475291e-05 6.491375555291e-06
8.324510730232e-06 1.546224532975e-05 6.439480308717e-06
8.330680719079e-06 1.542890638988e-05 6.387945000925e-06
8.337308436440e-06 1.539549828744e-05 6.336800867107e-06
8.343993760560e-06 1.536203253280e-05 6.285902268303e-06
8.350822729600e-06 1.532838746952e-05 6.235167873661e-06
8.358139423235e-06 1.529472723167e-05 6.185019317604e-06
8.365713975556e-06 1.526090503614e-05 6.135109196873e-06
8.373467478987e-06 1.522700645144e-05 6.085566645570e-06
8.381508880165e-06 1.519314254259e-05 6.036492892758e-06
8.389694588215e-06 1.515925208797e-05 5.987742993049e-06
8.397969702149e-06 1.512527056172e-05 5.939261489829e-06
8.406851559989e-06 1.509111989998e-05 5.891250269139e-06
8.415881824809e-06 1.505692651514e-05 5.843620850607e-06
8.424981528593e-06 1.502261323526e-05 5.796116857346e-06
8.434338871534e-06 1.498846636155e-05 5.749328685637e-06
8.443820477944e-06 1.495417364130e-05 5.702702107422e-06
8.453541843814e-06 1.491968559199e-05 5.656256800120e-06
8.463625302171e-06 1.488521954289e-05 5.610379038334e-06
8.473915464678e-06 1.485074700278e-05 5.565002647322e-06
8.484260996218e-06 1.481619266262e-05 5.519789041493e-06
8.495005685646e-06 1.478149123494e-05 5.474937545588e-06
8.505821826953e-06 1.474694221641e-05 5.430654582267e-06
8.516744108495e-06 1.471230521933e-05 5.386582919129e-06
8.528272412745e-06 1.467759255168e-05 5.343226876771e-06
8.539817103776e-06 1.464274418490e-05 5.299882615623e-06
8.551412435255e-06 1.460797894242e-05 5.257003806589e-06
8.563305063370e-06 1.457311484342e-05 5.214386266742e-06
8.575398503509e-06 1.453818669847e-05 5.172231127527e-06
8.587566578545e-06 1.450323477991e-05 5.130346884059e-06
8.599921224593e-06 1.446837278979e-05 5.088933533320e-06
8.612531907918e-06 1.443341699645e-05 5.047986401225e-06
8.625224960503e-06 1.439841286470e-05 5.007216951695e-06
8.638364743841e-06 1.436343957984e-05 4.967222232782e-06
8.651462019221e-06 1.432854357076e-05 4.927426481052e-06
8.664606812237e-06 1.429357466766e-05 4.887841641165e-06
8.678093095510e-06 1.425859208918e-05 4.848847315763e-06
8.691653272248e-06 1.422363173677e-05 4.810167179061e-06
8.705212355777e-06 1.418868608827e-05 4.771687217305e-06
8.719169617032e-06 1.415372812074e-05 4.733844725195e-06
8.733167375731e-06 1.411880249441e-05 4.696298309022e-06
8.747234023635e-06 1.408386809271e-05 4.659038105988e-06
8.761468908533e-06 1.404900252213e-05 4.622069487058e-06
8.775762853400e-06 1.401413411535e-05 4.585446916879e-06
8.790261964330e-06 1.397921638664e-05 4.549337329699e-06
8.804919196442e-06 1.394436975891e-05 4.513667396635e-06
8.819714753154e-06 1.390951718577e-05 4.478451797865e-06
8.834489625432e-06 1.387468902700e-05 4.443489746705e-06
8.849472303904e-06 1.383988544766e-05 4.408984213448e-06
9.544236070535e-06 1.155105346527e-05 1.454263819367e-06
1.024367710189e-05 9.259031859926e-06 -1.508086349990e-06
1.071529149988e-05 7.730482464137e-06 -3.482694784646e-06
1.118763529012e-05 6.204330630269e-06 -5.455375326322e-06
1.166069119061e-05 4.680512764668e-06 -7.426345971316e-06
