1.540000e-01 4.000000e-03 1.000000e-02 3.200000e-02 9.220000e-01 4.040000e-01 
1.400000e-01 5.000000e-03 9.000000e-03 3.300000e-02 9.350000e-01 3.760000e-01 
1.250000e-01 5.000000e-03 9.000000e-03 3.300000e-02 9.470000e-01 3.490000e-01 
1.090000e-01 5.000000e-03 9.000000e-03 3.300000e-02 9.580000e-01 3.220000e-01 
9.200000e-02 5.000000e-03 8.000000e-03 3.300000e-02 9.680000e-01 2.950000e-01 
7.400000e-02 6.000000e-03 8.000000e-03 3.300000e-02 9.770000e-01 2.690000e-01 
5.500000e-02 6.000000e-03 8.000000e-03 3.300000e-02 9.840000e-01 2.430000e-01 
3.500000e-02 6.000000e-03 7.000000e-03 3.300000e-02 9.900000e-01 2.170000e-01 
1.400000e-02 6.000000e-03 7.000000e-03 3.300000e-02 9.950000e-01 1.920000e-01 
0.000000e+00 7.000000e-03 6.000000e-03 4.000000e-02 9.990000e-01 1.680000e-01 
0.000000e+00 7.000000e-03 6.000000e-03 6.200000e-02 1.000000e+00 1.430000e-01 
0.000000e+00 7.000000e-03 6.000000e-03 8.500000e-02 1.000000e+00 1.200000e-01 
0.000000e+00 8.000000e-03 5.000000e-03 1.080000e-01 1.000000e+00 9.700000e-02 
0.000000e+00 8.000000e-03 5.000000e-03 1.320000e-01 1.000000e+00 7.500000e-02 
0.000000e+00 8.000000e-03 4.000000e-03 1.560000e-01 1.000000e+00 5.400000e-02 
0.000000e+00 8.000000e-03 4.000000e-03 1.810000e-01 9.980000e-01 3.400000e-02 
0.000000e+00 9.000000e-03 7.000000e-03 2.050000e-01 9.940000e-01 1.700000e-02 
0.000000e+00 9.000000e-03 2.500000e-02 2.300000e-01 9.880000e-01 1.700000e-02 
0.000000e+00 9.000000e-03 4.300000e-02 2.560000e-01 9.820000e-01 1.800000e-02 
0.000000e+00 9.000000e-03 6.000000e-02 2.810000e-01 9.750000e-01 1.800000e-02 
0.000000e+00 1.000000e-02 7.600000e-02 3.070000e-01 9.660000e-01 1.900000e-02 
0.000000e+00 1.000000e-02 9.100000e-02 3.330000e-01 9.570000e-01 1.900000e-02 
0.000000e+00 1.000000e-02 1.060000e-01 3.590000e-01 9.470000e-01 2.000000e-02 
0.000000e+00 1.000000e-02 1.200000e-01 3.850000e-01 9.350000e-01 2.000000e-02 
0.000000e+00 1.000000e-02 1.310000e-01 4.110000e-01 9.220000e-01 2.100000e-02 
1.000000e-03 1.000000e-02 1.430000e-01 4.360000e-01 9.090000e-01 2.200000e-02 
1.000000e-03 1.100000e-02 1.530000e-01 4.620000e-01 8.950000e-01 2.200000e-02 
1.000000e-03 1.100000e-02 1.620000e-01 4.870000e-01 8.810000e-01 2.300000e-02 
1.000000e-03 1.100000e-02 1.700000e-01 5.130000e-01 8.650000e-01 2.300000e-02 
1.000000e-03 1.100000e-02 1.770000e-01 5.370000e-01 8.490000e-01 2.400000e-02 
1.000000e-03 1.100000e-02 1.830000e-01 5.620000e-01 8.320000e-01 2.500000e-02 
1.000000e-03 1.100000e-02 1.880000e-01 5.860000e-01 8.140000e-01 2.500000e-02 
1.000000e-03 1.100000e-02 1.920000e-01 6.090000e-01 7.950000e-01 2.600000e-02 
1.000000e-03 1.100000e-02 1.950000e-01 6.330000e-01 7.760000e-01 2.700000e-02 
2.000000e-03 1.100000e-02 1.970000e-01 6.560000e-01 7.570000e-01 2.700000e-02 
2.000000e-03 1.100000e-02 1.980000e-01 6.790000e-01 7.380000e-01 2.800000e-02 
2.000000e-03 1.100000e-02 1.980000e-01 7.000000e-01 7.170000e-01 2.900000e-02 
2.000000e-03 1.100000e-02 1.960000e-01 7.220000e-01 6.960000e-01 2.900000e-02 
2.000000e-03 1.100000e-02 1.940000e-01 7.420000e-01 6.750000e-01 3.000000e-02 
3.000000e-03 1.100000e-02 1.910000e-01 7.610000e-01 6.530000e-01 3.100000e-02 
3.000000e-03 1.100000e-02 1.860000e-01 7.810000e-01 6.310000e-01 3.100000e-02 
3.000000e-03 1.000000e-02 1.810000e-01 7.990000e-01 6.080000e-01 3.200000e-02 
3.000000e-03 1.000000e-02 1.750000e-01 8.170000e-01 5.870000e-01 3.200000e-02 
3.000000e-03 1.000000e-02 1.680000e-01 8.340000e-01 5.640000e-01 3.300000e-02 
4.000000e-03 1.000000e-02 1.590000e-01 8.510000e-01 5.410000e-01 3.300000e-02 
4.000000e-03 1.000000e-02 1.500000e-01 8.660000e-01 5.180000e-01 3.300000e-02 
4.000000e-03 9.000000e-03 1.400000e-01 8.800000e-01 4.950000e-01 3.400000e-02 
4.000000e-03 9.000000e-03 1.300000e-01 8.940000e-01 4.720000e-01 3.400000e-02 
4.000000e-03 9.000000e-03 1.180000e-01 9.070000e-01 4.490000e-01 3.500000e-02 
5.000000e-03 9.000000e-03 1.060000e-01 9.190000e-01 4.260000e-01 3.500000e-02 
5.000000e-03 8.000000e-03 9.200000e-02 9.300000e-01 4.030000e-01 3.500000e-02 
5.000000e-03 8.000000e-03 7.800000e-02 9.410000e-01 3.810000e-01 3.500000e-02 
5.000000e-03 8.000000e-03 6.400000e-02 9.500000e-01 3.580000e-01 3.600000e-02 
6.000000e-03 8.000000e-03 4.800000e-02 9.590000e-01 3.350000e-01 3.600000e-02 
6.000000e-03 7.000000e-03 3.200000e-02 9.660000e-01 3.140000e-01 3.600000e-02 
6.000000e-03 7.000000e-03 1.600000e-02 9.730000e-01 2.920000e-01 3.600000e-02 
6.000000e-03 7.000000e-03 0.000000e+00 9.780000e-01 2.700000e-01 3.800000e-02 
7.000000e-03 6.000000e-03 0.000000e+00 9.840000e-01 2.490000e-01 5.500000e-02 
7.000000e-03 6.000000e-03 0.000000e+00 9.870000e-01 2.280000e-01 7.400000e-02 
7.000000e-03 6.000000e-03 0.000000e+00 9.900000e-01 2.070000e-01 9.300000e-02 
7.000000e-03 5.000000e-03 0.000000e+00 9.930000e-01 1.880000e-01 1.120000e-01 
8.000000e-03 5.000000e-03 0.000000e+00 9.940000e-01 1.670000e-01 1.320000e-01 
8.000000e-03 5.000000e-03 0.000000e+00 9.940000e-01 1.490000e-01 1.520000e-01 
8.000000e-03 5.000000e-03 0.000000e+00 9.940000e-01 1.300000e-01 1.710000e-01 
8.000000e-03 4.000000e-03 0.000000e+00 9.920000e-01 1.120000e-01 1.920000e-01 
8.000000e-03 4.000000e-03 0.000000e+00 9.900000e-01 9.400000e-02 2.130000e-01 
9.000000e-03 4.000000e-03 0.000000e+00 9.870000e-01 7.800000e-02 2.350000e-01 
9.000000e-03 3.000000e-03 0.000000e+00 9.820000e-01 6.100000e-02 2.560000e-01 
9.000000e-03 3.000000e-03 0.000000e+00 9.780000e-01 4.500000e-02 2.770000e-01 
9.000000e-03 3.000000e-03 0.000000e+00 9.720000e-01 3.000000e-02 2.990000e-01 
9.000000e-03 6.000000e-03 0.000000e+00 9.660000e-01 1.900000e-02 3.210000e-01 
1.000000e-02 2.000000e-02 0.000000e+00 9.590000e-01 1.900000e-02 3.420000e-01 
1.000000e-02 3.400000e-02 0.000000e+00 9.500000e-01 2.000000e-02 3.640000e-01 
1.000000e-02 4.700000e-02 0.000000e+00 9.410000e-01 2.000000e-02 3.870000e-01 
1.000000e-02 5.900000e-02 0.000000e+00 9.320000e-01 2.100000e-02 4.080000e-01 
1.000000e-02 7.100000e-02 0.000000e+00 9.220000e-01 2.100000e-02 4.300000e-01 
1.000000e-02 8.100000e-02 0.000000e+00 9.110000e-01 2.200000e-02 4.510000e-01 
1.000000e-02 9.100000e-02 0.000000e+00 8.990000e-01 2.200000e-02 4.730000e-01 
1.000000e-02 1.010000e-01 0.000000e+00 8.870000e-01 2.300000e-02 4.940000e-01 
1.000000e-02 1.090000e-01 1.000000e-03 8.730000e-01 2.300000e-02 5.160000e-01 
1.100000e-02 1.170000e-01 1.000000e-03 8.600000e-01 2.400000e-02 5.380000e-01 
1.100000e-02 1.250000e-01 1.000000e-03 8.460000e-01 2.500000e-02 5.580000e-01 
1.100000e-02 1.300000e-01 1.000000e-03 8.310000e-01 2.500000e-02 5.790000e-01 
1.100000e-02 1.360000e-01 1.000000e-03 8.160000e-01 2.600000e-02 5.990000e-01 
1.100000e-02 1.410000e-01 1.000000e-03 8.000000e-01 2.600000e-02 6.190000e-01 
1.100000e-02 1.460000e-01 1.000000e-03 7.840000e-01 2.700000e-02 6.390000e-01 
1.100000e-02 1.490000e-01 1.000000e-03 7.670000e-01 2.700000e-02 6.590000e-01 
1.100000e-02 1.520000e-01 1.000000e-03 7.500000e-01 2.800000e-02 6.770000e-01 
1.100000e-02 1.540000e-01 1.000000e-03 7.320000e-01 2.800000e-02 6.960000e-01 
1.000000e-02 1.560000e-01 1.000000e-03 7.150000e-01 2.900000e-02 7.140000e-01 
1.000000e-02 1.560000e-01 2.000000e-03 6.960000e-01 2.900000e-02 7.320000e-01 
1.000000e-02 1.560000e-01 2.000000e-03 6.770000e-01 3.000000e-02 7.490000e-01 
1.000000e-02 1.550000e-01 2.000000e-03 6.580000e-01 3.000000e-02 7.670000e-01 
1.000000e-02 1.540000e-01 2.000000e-03 6.390000e-01 3.100000e-02 7.830000e-01 
1.000000e-02 1.510000e-01 2.000000e-03 6.190000e-01 3.100000e-02 7.990000e-01 
1.000000e-02 1.480000e-01 2.000000e-03 5.990000e-01 3.200000e-02 8.140000e-01 
1.000000e-02 1.450000e-01 2.000000e-03 5.790000e-01 3.200000e-02 8.290000e-01 
1.000000e-02 1.400000e-01 3.000000e-03 5.600000e-01 3.200000e-02 8.430000e-01 
9.000000e-03 1.350000e-01 3.000000e-03 5.390000e-01 3.300000e-02 8.570000e-01 
9.000000e-03 1.300000e-01 3.000000e-03 5.190000e-01 3.300000e-02 8.700000e-01 
9.000000e-03 1.230000e-01 3.000000e-03 4.980000e-01 3.300000e-02 8.830000e-01 
9.000000e-03 1.170000e-01 3.000000e-03 4.770000e-01 3.400000e-02 8.940000e-01 
9.000000e-03 1.090000e-01 3.000000e-03 4.570000e-01 3.400000e-02 9.060000e-01 
9.000000e-03 1.010000e-01 3.000000e-03 4.360000e-01 3.400000e-02 9.170000e-01 
8.000000e-03 9.200000e-02 4.000000e-03 4.150000e-01 3.400000e-02 9.270000e-01 
8.000000e-03 8.300000e-02 4.000000e-03 3.940000e-01 3.500000e-02 9.360000e-01 
8.000000e-03 7.300000e-02 4.000000e-03 3.740000e-01 3.500000e-02 9.450000e-01 
8.000000e-03 6.200000e-02 4.000000e-03 3.540000e-01 3.500000e-02 9.530000e-01 
8.000000e-03 5.100000e-02 4.000000e-03 3.330000e-01 3.500000e-02 9.610000e-01 
7.000000e-03 4.000000e-02 4.000000e-03 3.120000e-01 3.500000e-02 9.670000e-01 
7.000000e-03 2.800000e-02 4.000000e-03 2.930000e-01 3.500000e-02 9.740000e-01 
7.000000e-03 1.600000e-02 5.000000e-03 2.730000e-01 3.500000e-02 9.800000e-01 
7.000000e-03 3.000000e-03 5.000000e-03 2.520000e-01 3.500000e-02 9.840000e-01 
6.000000e-03 0.000000e+00 5.000000e-03 2.340000e-01 4.600000e-02 9.890000e-01 
6.000000e-03 0.000000e+00 5.000000e-03 2.140000e-01 5.900000e-02 9.930000e-01 
6.000000e-03 0.000000e+00 5.000000e-03 1.940000e-01 7.300000e-02 9.950000e-01 
6.000000e-03 0.000000e+00 5.000000e-03 1.750000e-01 8.800000e-02 9.980000e-01 
6.000000e-03 0.000000e+00 5.000000e-03 1.570000e-01 1.030000e-01 9.990000e-01 
5.000000e-03 0.000000e+00 5.000000e-03 1.390000e-01 1.180000e-01 1.000000e+00 
5.000000e-03 0.000000e+00 6.000000e-03 1.200000e-01 1.330000e-01 1.000000e+00 
5.000000e-03 0.000000e+00 6.000000e-03 1.030000e-01 1.490000e-01 1.000000e+00 
5.000000e-03 0.000000e+00 6.000000e-03 8.600000e-02 1.650000e-01 1.000000e+00 
5.000000e-03 0.000000e+00 6.000000e-03 6.900000e-02 1.820000e-01 9.990000e-01 
4.000000e-03 0.000000e+00 6.000000e-03 5.300000e-02 1.970000e-01 9.970000e-01 
4.000000e-03 0.000000e+00 6.000000e-03 3.600000e-02 2.140000e-01 9.940000e-01 
4.000000e-03 0.000000e+00 6.000000e-03 2.100000e-02 2.310000e-01 9.900000e-01 
1.400000e-02 0.000000e+00 6.000000e-03 1.600000e-02 2.480000e-01 9.870000e-01 
2.900000e-02 0.000000e+00 6.000000e-03 1.600000e-02 2.640000e-01 9.830000e-01 
4.300000e-02 0.000000e+00 6.000000e-03 1.700000e-02 2.820000e-01 9.780000e-01 
5.800000e-02 0.000000e+00 6.000000e-03 1.700000e-02 3.000000e-01 9.710000e-01 
7.100000e-02 0.000000e+00 6.000000e-03 1.700000e-02 3.170000e-01 9.650000e-01 
8.500000e-02 0.000000e+00 6.000000e-03 1.800000e-02 3.340000e-01 9.590000e-01 
9.800000e-02 0.000000e+00 7.000000e-03 1.800000e-02 3.520000e-01 9.520000e-01 
1.090000e-01 0.000000e+00 7.000000e-03 1.800000e-02 3.700000e-01 9.440000e-01 
1.210000e-01 0.000000e+00 7.000000e-03 1.900000e-02 3.880000e-01 9.360000e-01 
1.320000e-01 0.000000e+00 7.000000e-03 1.900000e-02 4.040000e-01 9.270000e-01 
1.430000e-01 0.000000e+00 7.000000e-03 1.900000e-02 4.220000e-01 9.180000e-01 
1.530000e-01 0.000000e+00 7.000000e-03 2.000000e-02 4.400000e-01 9.080000e-01 
1.620000e-01 0.000000e+00 7.000000e-03 2.000000e-02 4.570000e-01 8.980000e-01 
1.710000e-01 0.000000e+00 7.000000e-03 2.000000e-02 4.750000e-01 8.870000e-01 
1.800000e-01 0.000000e+00 7.000000e-03 2.100000e-02 4.920000e-01 8.760000e-01 
1.880000e-01 0.000000e+00 7.000000e-03 2.100000e-02 5.090000e-01 8.650000e-01 
1.950000e-01 0.000000e+00 7.000000e-03 2.100000e-02 5.270000e-01 8.530000e-01 
2.020000e-01 0.000000e+00 7.000000e-03 2.100000e-02 5.430000e-01 8.410000e-01 
2.090000e-01 0.000000e+00 7.000000e-03 2.200000e-02 5.600000e-01 8.290000e-01 
2.150000e-01 0.000000e+00 7.000000e-03 2.200000e-02 5.770000e-01 8.160000e-01 
2.200000e-01 0.000000e+00 7.000000e-03 2.200000e-02 5.930000e-01 8.030000e-01 
2.240000e-01 0.000000e+00 7.000000e-03 2.300000e-02 6.100000e-01 7.890000e-01 
2.280000e-01 1.000000e-03 7.000000e-03 2.300000e-02 6.260000e-01 7.750000e-01 
2.320000e-01 1.000000e-03 7.000000e-03 2.300000e-02 6.410000e-01 7.610000e-01 
2.350000e-01 1.000000e-03 7.000000e-03 2.300000e-02 6.580000e-01 7.470000e-01 
2.380000e-01 1.000000e-03 7.000000e-03 2.400000e-02 6.720000e-01 7.320000e-01 
2.400000e-01 1.000000e-03 6.000000e-03 2.400000e-02 6.880000e-01 7.170000e-01 
2.410000e-01 1.000000e-03 6.000000e-03 2.400000e-02 7.030000e-01 7.020000e-01 
2.420000e-01 1.000000e-03 6.000000e-03 2.400000e-02 7.170000e-01 6.880000e-01 
2.430000e-01 1.000000e-03 6.000000e-03 2.500000e-02 7.320000e-01 6.720000e-01 
2.430000e-01 1.000000e-03 6.000000e-03 2.500000e-02 7.460000e-01 6.570000e-01 
2.420000e-01 1.000000e-03 6.000000e-03 2.500000e-02 7.600000e-01 6.410000e-01 
2.410000e-01 1.000000e-03 6.000000e-03 2.500000e-02 7.730000e-01 6.250000e-01 
2.390000e-01 1.000000e-03 6.000000e-03 2.600000e-02 7.860000e-01 6.080000e-01 
2.370000e-01 1.000000e-03 6.000000e-03 2.600000e-02 7.990000e-01 5.920000e-01 
2.340000e-01 1.000000e-03 6.000000e-03 2.600000e-02 8.120000e-01 5.760000e-01 
2.310000e-01 1.000000e-03 6.000000e-03 2.600000e-02 8.230000e-01 5.590000e-01 
2.280000e-01 1.000000e-03 6.000000e-03 2.600000e-02 8.350000e-01 5.440000e-01 
2.240000e-01 1.000000e-03 6.000000e-03 2.600000e-02 8.470000e-01 5.270000e-01 
2.190000e-01 1.000000e-03 6.000000e-03 2.700000e-02 8.580000e-01 5.100000e-01 
2.140000e-01 2.000000e-03 6.000000e-03 2.700000e-02 8.690000e-01 4.940000e-01 
2.090000e-01 2.000000e-03 6.000000e-03 2.700000e-02 8.790000e-01 4.770000e-01 
2.030000e-01 2.000000e-03 5.000000e-03 2.700000e-02 8.890000e-01 4.600000e-01 
1.960000e-01 2.000000e-03 5.000000e-03 2.700000e-02 8.990000e-01 4.430000e-01 
1.900000e-01 2.000000e-03 5.000000e-03 2.700000e-02 9.080000e-01 4.280000e-01 
1.830000e-01 2.000000e-03 5.000000e-03 2.700000e-02 9.160000e-01 4.110000e-01 
1.750000e-01 2.000000e-03 5.000000e-03 2.700000e-02 9.250000e-01 3.940000e-01 
1.670000e-01 2.000000e-03 5.000000e-03 2.700000e-02 9.330000e-01 3.780000e-01 
1.590000e-01 2.000000e-03 5.000000e-03 2.700000e-02 9.400000e-01 3.610000e-01 
1.500000e-01 2.000000e-03 5.000000e-03 2.700000e-02 9.480000e-01 3.450000e-01 
1.410000e-01 2.000000e-03 5.000000e-03 2.700000e-02 9.550000e-01 3.300000e-01 
1.310000e-01 2.000000e-03 5.000000e-03 2.700000e-02 9.610000e-01 3.140000e-01 
1.220000e-01 2.000000e-03 5.000000e-03 2.700000e-02 9.670000e-01 2.980000e-01 
1.120000e-01 2.000000e-03 4.000000e-03 2.700000e-02 9.720000e-01 2.820000e-01 
1.010000e-01 2.000000e-03 4.000000e-03 2.700000e-02 9.780000e-01 2.660000e-01 
9.000000e-02 2.000000e-03 4.000000e-03 2.700000e-02 9.830000e-01 2.500000e-01 
7.900000e-02 2.000000e-03 4.000000e-03 2.700000e-02 9.870000e-01 2.360000e-01 
6.800000e-02 2.000000e-03 4.000000e-03 2.700000e-02 9.910000e-01 2.210000e-01 
5.700000e-02 2.000000e-03 4.000000e-03 2.700000e-02 9.950000e-01 2.050000e-01 
4.500000e-02 2.000000e-03 4.000000e-03 2.700000e-02 9.970000e-01 1.910000e-01 
3.300000e-02 2.000000e-03 4.000000e-03 2.700000e-02 1.000000e+00 1.760000e-01 
2.000000e-02 3.000000e-03 4.000000e-03 2.700000e-02 1.000000e+00 1.610000e-01 
8.000000e-03 3.000000e-03 3.000000e-03 2.700000e-02 1.000000e+00 1.480000e-01 
0.000000e+00 3.000000e-03 3.000000e-03 3.200000e-02 1.000000e+00 1.340000e-01 
0.000000e+00 3.000000e-03 3.000000e-03 4.400000e-02 1.000000e+00 1.200000e-01 
0.000000e+00 3.000000e-03 3.000000e-03 5.700000e-02 1.000000e+00 1.070000e-01 
0.000000e+00 3.000000e-03 3.000000e-03 7.100000e-02 1.000000e+00 9.300000e-02 
0.000000e+00 3.000000e-03 3.000000e-03 8.400000e-02 1.000000e+00 8.000000e-02 
0.000000e+00 3.000000e-03 3.000000e-03 9.800000e-02 1.000000e+00 6.800000e-02 
0.000000e+00 3.000000e-03 3.000000e-03 1.120000e-01 1.000000e+00 5.600000e-02 
0.000000e+00 3.000000e-03 3.000000e-03 1.260000e-01 1.000000e+00 4.400000e-02 
0.000000e+00 3.000000e-03 2.000000e-03 1.390000e-01 1.000000e+00 3.200000e-02 
0.000000e+00 3.000000e-03 2.000000e-03 1.530000e-01 1.000000e+00 2.000000e-02 
0.000000e+00 3.000000e-03 8.000000e-03 1.670000e-01 1.000000e+00 1.500000e-02 
0.000000e+00 3.000000e-03 1.900000e-02 1.820000e-01 9.990000e-01 1.500000e-02 
0.000000e+00 3.000000e-03 3.000000e-02 1.960000e-01 9.960000e-01 1.500000e-02 
0.000000e+00 3.000000e-03 4.100000e-02 2.100000e-01 9.930000e-01 1.500000e-02 
0.000000e+00 3.000000e-03 5.100000e-02 2.250000e-01 9.890000e-01 1.600000e-02 
0.000000e+00 3.000000e-03 6.100000e-02 2.390000e-01 9.860000e-01 1.600000e-02 
0.000000e+00 3.000000e-03 7.000000e-02 2.540000e-01 9.820000e-01 1.600000e-02 
0.000000e+00 3.000000e-03 7.900000e-02 2.690000e-01 9.770000e-01 1.600000e-02 
0.000000e+00 3.000000e-03 8.700000e-02 2.830000e-01 9.730000e-01 1.600000e-02 
0.000000e+00 3.000000e-03 9.600000e-02 2.980000e-01 9.680000e-01 1.600000e-02 
0.000000e+00 3.000000e-03 1.040000e-01 3.120000e-01 9.630000e-01 1.600000e-02 
0.000000e+00 3.000000e-03 1.120000e-01 3.270000e-01 9.560000e-01 1.600000e-02 
0.000000e+00 3.000000e-03 1.200000e-01 3.420000e-01 9.500000e-01 1.600000e-02 
0.000000e+00 3.000000e-03 1.270000e-01 3.560000e-01 9.440000e-01 1.700000e-02 
0.000000e+00 3.000000e-03 1.340000e-01 3.710000e-01 9.380000e-01 1.700000e-02 
0.000000e+00 3.000000e-03 1.410000e-01 3.850000e-01 9.310000e-01 1.700000e-02 
0.000000e+00 3.000000e-03 1.470000e-01 4.000000e-01 9.240000e-01 1.700000e-02 
0.000000e+00 3.000000e-03 1.530000e-01 4.150000e-01 9.170000e-01 1.700000e-02 
0.000000e+00 3.000000e-03 1.590000e-01 4.280000e-01 9.100000e-01 1.700000e-02 
0.000000e+00 3.000000e-03 1.640000e-01 4.430000e-01 9.020000e-01 1.700000e-02 
0.000000e+00 3.000000e-03 1.690000e-01 4.570000e-01 8.940000e-01 1.700000e-02 
0.000000e+00 3.000000e-03 1.740000e-01 4.720000e-01 8.860000e-01 1.700000e-02 
0.000000e+00 3.000000e-03 1.770000e-01 4.860000e-01 8.770000e-01 1.700000e-02 
0.000000e+00 3.000000e-03 1.810000e-01 4.990000e-01 8.690000e-01 1.700000e-02 
0.000000e+00 3.000000e-03 1.850000e-01 5.130000e-01 8.600000e-01 1.800000e-02 
0.000000e+00 3.000000e-03 1.880000e-01 5.270000e-01 8.510000e-01 1.800000e-02 
0.000000e+00 3.000000e-03 1.910000e-01 5.410000e-01 8.420000e-01 1.800000e-02 
0.000000e+00 3.000000e-03 1.940000e-01 5.550000e-01 8.330000e-01 1.800000e-02 
0.000000e+00 3.000000e-03 1.960000e-01 5.670000e-01 8.230000e-01 1.800000e-02 
1.000000e-03 3.000000e-03 1.980000e-01 5.810000e-01 8.130000e-01 1.800000e-02 
1.000000e-03 3.000000e-03 2.000000e-01 5.940000e-01 8.030000e-01 1.800000e-02 
1.000000e-03 3.000000e-03 2.010000e-01 6.070000e-01 7.930000e-01 1.800000e-02 
1.000000e-03 3.000000e-03 2.020000e-01 6.190000e-01 7.830000e-01 1.800000e-02 
1.000000e-03 3.000000e-03 2.030000e-01 6.320000e-01 7.730000e-01 1.800000e-02 
1.000000e-03 3.000000e-03 2.040000e-01 6.440000e-01 7.620000e-01 1.800000e-02 
1.000000e-03 3.000000e-03 2.040000e-01 6.570000e-01 7.520000e-01 1.800000e-02 
1.000000e-03 3.000000e-03 2.040000e-01 6.690000e-01 7.410000e-01 1.800000e-02 
1.000000e-03 3.000000e-03 2.030000e-01 6.810000e-01 7.300000e-01 1.800000e-02 
1.000000e-03 3.000000e-03 2.030000e-01 6.920000e-01 7.190000e-01 1.900000e-02 
1.000000e-03 3.000000e-03 2.020000e-01 7.040000e-01 7.080000e-01 1.900000e-02 
1.000000e-03 3.000000e-03 2.000000e-01 7.150000e-01 6.970000e-01 1.900000e-02 
1.000000e-03 3.000000e-03 1.990000e-01 7.270000e-01 6.860000e-01 1.900000e-02 
1.000000e-03 3.000000e-03 1.970000e-01 7.380000e-01 6.740000e-01 1.900000e-02 
1.000000e-03 3.000000e-03 1.950000e-01 7.480000e-01 6.630000e-01 1.900000e-02 
1.000000e-03 3.000000e-03 1.930000e-01 7.590000e-01 6.520000e-01 1.900000e-02 
1.000000e-03 3.000000e-03 1.900000e-01 7.690000e-01 6.400000e-01 1.900000e-02 
1.000000e-03 3.000000e-03 1.870000e-01 7.790000e-01 6.280000e-01 1.900000e-02 
1.000000e-03 3.000000e-03 1.840000e-01 7.890000e-01 6.170000e-01 1.900000e-02 
1.000000e-03 3.000000e-03 1.800000e-01 7.980000e-01 6.050000e-01 1.900000e-02 
1.000000e-03 3.000000e-03 1.770000e-01 8.080000e-01 5.930000e-01 1.900000e-02 
1.000000e-03 3.000000e-03 1.730000e-01 8.170000e-01 5.810000e-01 1.900000e-02 
1.000000e-03 3.000000e-03 1.690000e-01 8.260000e-01 5.690000e-01 1.900000e-02 
1.000000e-03 3.000000e-03 1.640000e-01 8.350000e-01 5.580000e-01 1.900000e-02 
1.000000e-03 3.000000e-03 1.600000e-01 8.430000e-01 5.460000e-01 1.900000e-02 
1.000000e-03 3.000000e-03 1.550000e-01 8.520000e-01 5.340000e-01 1.900000e-02 
1.000000e-03 3.000000e-03 1.500000e-01 8.600000e-01 5.220000e-01 1.900000e-02 
1.000000e-03 3.000000e-03 1.440000e-01 8.680000e-01 5.100000e-01 1.900000e-02 
1.000000e-03 3.000000e-03 1.390000e-01 8.760000e-01 4.980000e-01 1.900000e-02 
1.000000e-03 3.000000e-03 1.330000e-01 8.830000e-01 4.860000e-01 1.900000e-02 
1.000000e-03 3.000000e-03 1.270000e-01 8.900000e-01 4.740000e-01 1.900000e-02 
1.000000e-03 3.000000e-03 1.210000e-01 8.970000e-01 4.620000e-01 1.900000e-02 
1.000000e-03 3.000000e-03 1.150000e-01 9.030000e-01 4.500000e-01 1.900000e-02 
1.000000e-03 3.000000e-03 1.080000e-01 9.100000e-01 4.390000e-01 1.900000e-02 
1.000000e-03 3.000000e-03 1.010000e-01 9.160000e-01 4.270000e-01 1.900000e-02 
1.000000e-03 3.000000e-03 9.500000e-02 9.220000e-01 4.150000e-01 1.900000e-02 
1.000000e-03 3.000000e-03 8.800000e-02 9.280000e-01 4.030000e-01 1.900000e-02 
1.000000e-03 3.000000e-03 8.000000e-02 9.330000e-01 3.910000e-01 1.900000e-02 
1.000000e-03 3.000000e-03 7.300000e-02 9.380000e-01 3.800000e-01 1.900000e-02 
1.000000e-03 3.000000e-03 6.500000e-02 9.430000e-01 3.680000e-01 1.900000e-02 
1.000000e-03 3.000000e-03 5.800000e-02 9.480000e-01 3.570000e-01 1.900000e-02 
1.000000e-03 3.000000e-03 5.000000e-02 9.530000e-01 3.450000e-01 1.900000e-02 
1.000000e-03 3.000000e-03 4.200000e-02 9.570000e-01 3.340000e-01 1.900000e-02 
1.000000e-03 3.000000e-03 3.300000e-02 9.600000e-01 3.220000e-01 1.900000e-02 
1.000000e-03 3.000000e-03 2.500000e-02 9.640000e-01 3.110000e-01 1.900000e-02 
1.000000e-03 3.000000e-03 1.700000e-02 9.680000e-01 3.000000e-01 1.900000e-02 
1.000000e-03 3.000000e-03 8.000000e-03 9.710000e-01 2.880000e-01 1.900000e-02 
1.000000e-03 2.000000e-03 0.000000e+00 9.750000e-01 2.770000e-01 1.900000e-02 
1.000000e-03 2.000000e-03 0.000000e+00 9.780000e-01 2.660000e-01 2.700000e-02 
1.000000e-03 2.000000e-03 0.000000e+00 9.800000e-01 2.550000e-01 3.600000e-02 
1.000000e-03 2.000000e-03 0.000000e+00 9.830000e-01 2.450000e-01 4.500000e-02 
1.000000e-03 2.000000e-03 0.000000e+00 9.840000e-01 2.340000e-01 5.500000e-02 
1.000000e-03 2.000000e-03 0.000000e+00 9.860000e-01 2.230000e-01 6.400000e-02 
1.000000e-03 2.000000e-03 0.000000e+00 9.880000e-01 2.130000e-01 7.300000e-02 
1.000000e-03 2.000000e-03 0.000000e+00 9.890000e-01 2.020000e-01 8.300000e-02 
1.000000e-03 2.000000e-03 0.000000e+00 9.910000e-01 1.920000e-01 9.200000e-02 
1.000000e-03 2.000000e-03 0.000000e+00 9.920000e-01 1.820000e-01 1.020000e-01 
1.000000e-03 2.000000e-03 0.000000e+00 9.920000e-01 1.710000e-01 1.110000e-01 
1.000000e-03 2.000000e-03 0.000000e+00 9.930000e-01 1.610000e-01 1.210000e-01 
1.000000e-03 2.000000e-03 0.000000e+00 9.920000e-01 1.520000e-01 1.310000e-01 
1.000000e-03 2.000000e-03 0.000000e+00 9.930000e-01 1.420000e-01 1.410000e-01 
1.000000e-03 2.000000e-03 0.000000e+00 9.930000e-01 1.320000e-01 1.510000e-01 
1.000000e-03 2.000000e-03 0.000000e+00 9.920000e-01 1.220000e-01 1.610000e-01 
1.000000e-03 2.000000e-03 0.000000e+00 9.920000e-01 1.130000e-01 1.700000e-01 
1.000000e-03 2.000000e-03 0.000000e+00 9.910000e-01 1.040000e-01 1.800000e-01 
2.000000e-03 2.000000e-03 0.000000e+00 9.900000e-01 9.400000e-02 1.900000e-01 
2.000000e-03 2.000000e-03 0.000000e+00 9.890000e-01 8.500000e-02 2.010000e-01 
2.000000e-03 2.000000e-03 0.000000e+00 9.880000e-01 7.600000e-02 2.110000e-01 
2.000000e-03 2.000000e-03 0.000000e+00 9.860000e-01 6.800000e-02 2.210000e-01 
2.000000e-03 2.000000e-03 0.000000e+00 9.830000e-01 5.900000e-02 2.320000e-01 
2.000000e-03 2.000000e-03 0.000000e+00 9.820000e-01 5.000000e-02 2.420000e-01 
2.000000e-03 2.000000e-03 0.000000e+00 9.790000e-01 4.200000e-02 2.520000e-01 
2.000000e-03 2.000000e-03 0.000000e+00 9.770000e-01 3.400000e-02 2.630000e-01 
2.000000e-03 1.000000e-03 0.000000e+00 9.740000e-01 2.500000e-02 2.730000e-01 
2.000000e-03 1.000000e-03 0.000000e+00 9.720000e-01 1.700000e-02 2.840000e-01 
2.000000e-03 1.000000e-03 0.000000e+00 9.690000e-01 1.000000e-02 2.940000e-01 
2.000000e-03 9.000000e-03 0.000000e+00 9.660000e-01 1.000000e-02 3.050000e-01 
2.000000e-03 1.700000e-02 0.000000e+00 9.620000e-01 1.000000e-02 3.140000e-01 
2.000000e-03 2.400000e-02 0.000000e+00 9.590000e-01 1.000000e-02 3.240000e-01 
2.000000e-03 3.200000e-02 0.000000e+00 9.550000e-01 1.000000e-02 3.350000e-01 
2.000000e-03 3.900000e-02 0.000000e+00 9.510000e-01 1.000000e-02 3.450000e-01 
2.000000e-03 4.600000e-02 0.000000e+00 9.470000e-01 1.000000e-02 3.560000e-01 
2.000000e-03 5.300000e-02 0.000000e+00 9.430000e-01 1.000000e-02 3.660000e-01 
2.000000e-03 6.000000e-02 0.000000e+00 9.380000e-01 1.000000e-02 3.770000e-01 
2.000000e-03 6.600000e-02 0.000000e+00 9.330000e-01 1.000000e-02 3.870000e-01 
2.000000e-03 7.300000e-02 0.000000e+00 9.290000e-01 1.000000e-02 3.970000e-01 
2.000000e-03 7.900000e-02 0.000000e+00 9.240000e-01 1.000000e-02 4.080000e-01 
2.000000e-03 8.500000e-02 0.000000e+00 9.190000e-01 1.000000e-02 4.180000e-01 
2.000000e-03 9.100000e-02 0.000000e+00 9.140000e-01 1.000000e-02 4.280000e-01 
2.000000e-03 9.700000e-02 0.000000e+00 9.080000e-01 1.000000e-02 4.380000e-01 
2.000000e-03 1.030000e-01 0.000000e+00 9.030000e-01 1.000000e-02 4.490000e-01 
2.000000e-03 1.080000e-01 0.000000e+00 8.970000e-01 1.000000e-02 4.590000e-01 
2.000000e-03 1.140000e-01 0.000000e+00 8.910000e-01 1.000000e-02 4.680000e-01 
2.000000e-03 1.190000e-01 0.000000e+00 8.850000e-01 1.000000e-02 4.780000e-01 
2.000000e-03 1.240000e-01 0.000000e+00 8.790000e-01 1.000000e-02 4.880000e-01 
2.000000e-03 1.290000e-01 0.000000e+00 8.730000e-01 1.000000e-02 4.980000e-01 
2.000000e-03 1.340000e-01 0.000000e+00 8.670000e-01 1.000000e-02 5.080000e-01 
2.000000e-03 1.390000e-01 0.000000e+00 8.600000e-01 1.000000e-02 5.180000e-01 
2.000000e-03 1.440000e-01 0.000000e+00 8.540000e-01 1.000000e-02 5.280000e-01 
2.000000e-03 1.480000e-01 0.000000e+00 8.470000e-01 1.000000e-02 5.370000e-01 
2.000000e-03 1.520000e-01 0.000000e+00 8.400000e-01 1.000000e-02 5.470000e-01 
2.000000e-03 1.570000e-01 0.000000e+00 8.320000e-01 1.000000e-02 5.570000e-01 
2.000000e-03 1.600000e-01 0.000000e+00 8.250000e-01 1.000000e-02 5.660000e-01 
2.000000e-03 1.640000e-01 0.000000e+00 8.180000e-01 1.000000e-02 5.750000e-01 
2.000000e-03 1.670000e-01 0.000000e+00 8.100000e-01 1.000000e-02 5.840000e-01 
2.000000e-03 1.710000e-01 0.000000e+00 8.030000e-01 1.000000e-02 5.940000e-01 
2.000000e-03 1.740000e-01 0.000000e+00 7.950000e-01 1.000000e-02 6.030000e-01 
2.000000e-03 1.780000e-01 0.000000e+00 7.870000e-01 1.000000e-02 6.120000e-01 
2.000000e-03 1.810000e-01 0.000000e+00 7.800000e-01 1.000000e-02 6.210000e-01 
2.000000e-03 1.840000e-01 0.000000e+00 7.720000e-01 1.000000e-02 6.300000e-01 
2.000000e-03 1.870000e-01 0.000000e+00 7.640000e-01 1.000000e-02 6.390000e-01 
2.000000e-03 1.900000e-01 0.000000e+00 7.560000e-01 1.000000e-02 6.480000e-01 
2.000000e-03 1.920000e-01 0.000000e+00 7.470000e-01 1.000000e-02 6.570000e-01 
2.000000e-03 1.950000e-01 0.000000e+00 7.390000e-01 1.000000e-02 6.660000e-01 
2.000000e-03 1.970000e-01 0.000000e+00 7.310000e-01 1.000000e-02 6.740000e-01 
2.000000e-03 1.990000e-01 0.000000e+00 7.220000e-01 1.000000e-02 6.830000e-01 
2.000000e-03 2.010000e-01 0.000000e+00 7.140000e-01 1.000000e-02 6.910000e-01 
2.000000e-03 2.030000e-01 0.000000e+00 7.050000e-01 1.000000e-02 7.000000e-01 
2.000000e-03 2.050000e-01 0.000000e+00 6.960000e-01 1.000000e-02 7.070000e-01 
2.000000e-03 2.070000e-01 0.000000e+00 6.880000e-01 1.000000e-02 7.150000e-01 
2.000000e-03 2.080000e-01 0.000000e+00 6.790000e-01 1.000000e-02 7.230000e-01 
2.000000e-03 2.100000e-01 0.000000e+00 6.700000e-01 1.000000e-02 7.310000e-01 
2.000000e-03 2.110000e-01 0.000000e+00 6.610000e-01 1.000000e-02 7.390000e-01 
2.000000e-03 2.120000e-01 0.000000e+00 6.520000e-01 1.000000e-02 7.470000e-01 
2.000000e-03 2.130000e-01 0.000000e+00 6.420000e-01 1.000000e-02 7.540000e-01 
2.000000e-03 2.140000e-01 0.000000e+00 6.330000e-01 1.000000e-02 7.620000e-01 
2.000000e-03 2.150000e-01 0.000000e+00 6.240000e-01 1.000000e-02 7.690000e-01 
2.000000e-03 2.160000e-01 0.000000e+00 6.140000e-01 1.000000e-02 7.770000e-01 
2.000000e-03 2.160000e-01 0.000000e+00 6.050000e-01 1.000000e-02 7.840000e-01 
2.000000e-03 2.160000e-01 0.000000e+00 5.960000e-01 1.000000e-02 7.910000e-01 
2.000000e-03 2.170000e-01 0.000000e+00 5.860000e-01 1.000000e-02 7.980000e-01 
2.000000e-03 2.170000e-01 0.000000e+00 5.760000e-01 1.000000e-02 8.050000e-01 
2.000000e-03 2.170000e-01 0.000000e+00 5.660000e-01 1.000000e-02 8.120000e-01 
2.000000e-03 2.170000e-01 0.000000e+00 5.560000e-01 1.000000e-02 8.180000e-01 
2.000000e-03 2.170000e-01 0.000000e+00 5.460000e-01 1.000000e-02 8.240000e-01 
2.000000e-03 2.160000e-01 0.000000e+00 5.370000e-01 1.000000e-02 8.310000e-01 
2.000000e-03 2.160000e-01 0.000000e+00 5.270000e-01 1.000000e-02 8.370000e-01 
2.000000e-03 2.160000e-01 0.000000e+00 5.170000e-01 1.000000e-02 8.430000e-01 
2.000000e-03 2.150000e-01 0.000000e+00 5.070000e-01 1.000000e-02 8.500000e-01 
2.000000e-03 2.140000e-01 0.000000e+00 4.970000e-01 1.000000e-02 8.560000e-01 
2.000000e-03 2.130000e-01 0.000000e+00 4.870000e-01 1.000000e-02 8.620000e-01 
2.000000e-03 2.120000e-01 0.000000e+00 4.770000e-01 1.000000e-02 8.670000e-01 
2.000000e-03 2.110000e-01 0.000000e+00 4.670000e-01 1.000000e-02 8.730000e-01 
2.000000e-03 2.100000e-01 0.000000e+00 4.570000e-01 1.000000e-02 8.790000e-01 
2.000000e-03 2.090000e-01 0.000000e+00 4.470000e-01 1.000000e-02 8.840000e-01 
2.000000e-03 2.080000e-01 0.000000e+00 4.370000e-01 1.000000e-02 8.900000e-01 
2.000000e-03 2.060000e-01 0.000000e+00 4.270000e-01 1.000000e-02 8.950000e-01 
2.000000e-03 2.040000e-01 0.000000e+00 4.170000e-01 1.000000e-02 9.000000e-01 
2.000000e-03 2.030000e-01 0.000000e+00 4.070000e-01 1.000000e-02 9.050000e-01 
2.000000e-03 2.010000e-01 0.000000e+00 3.970000e-01 1.000000e-02 9.100000e-01 
2.000000e-03 1.990000e-01 0.000000e+00 3.870000e-01 1.000000e-02 9.150000e-01 
2.000000e-03 1.970000e-01 0.000000e+00 3.760000e-01 1.000000e-02 9.180000e-01 
2.000000e-03 1.950000e-01 0.000000e+00 3.660000e-01 1.000000e-02 9.230000e-01 
3.000000e-03 1.930000e-01 0.000000e+00 3.560000e-01 1.000000e-02 9.270000e-01 
2.000000e-03 1.910000e-01 0.000000e+00 3.460000e-01 1.000000e-02 9.320000e-01 
2.000000e-03 1.880000e-01 0.000000e+00 3.360000e-01 1.000000e-02 9.360000e-01 
2.000000e-03 1.860000e-01 0.000000e+00 3.260000e-01 1.000000e-02 9.400000e-01 
2.000000e-03 1.830000e-01 0.000000e+00 3.150000e-01 1.000000e-02 9.440000e-01 
3.000000e-03 1.810000e-01 0.000000e+00 3.050000e-01 1.000000e-02 9.480000e-01 
3.000000e-03 1.780000e-01 0.000000e+00 2.950000e-01 1.000000e-02 9.510000e-01 
3.000000e-03 1.750000e-01 0.000000e+00 2.850000e-01 1.000000e-02 9.550000e-01 
3.000000e-03 1.730000e-01 0.000000e+00 2.750000e-01 1.000000e-02 9.580000e-01 
3.000000e-03 1.700000e-01 0.000000e+00 2.640000e-01 1.000000e-02 9.620000e-01 
2.000000e-03 1.670000e-01 0.000000e+00 2.540000e-01 9.000000e-03 9.640000e-01 
3.000000e-03 1.640000e-01 0.000000e+00 2.440000e-01 9.000000e-03 9.680000e-01 
3.000000e-03 1.600000e-01 0.000000e+00 2.340000e-01 1.000000e-02 9.710000e-01 
3.000000e-03 1.570000e-01 0.000000e+00 2.240000e-01 1.000000e-02 9.740000e-01 
3.000000e-03 1.540000e-01 0.000000e+00 2.140000e-01 1.000000e-02 9.770000e-01 
3.000000e-03 1.500000e-01 0.000000e+00 2.040000e-01 9.000000e-03 9.780000e-01 
3.000000e-03 1.470000e-01 0.000000e+00 1.930000e-01 9.000000e-03 9.810000e-01 
3.000000e-03 1.430000e-01 0.000000e+00 1.830000e-01 9.000000e-03 9.830000e-01 
3.000000e-03 1.400000e-01 0.000000e+00 1.730000e-01 9.000000e-03 9.860000e-01 
3.000000e-03 1.360000e-01 0.000000e+00 1.630000e-01 9.000000e-03 9.880000e-01 
3.000000e-03 1.330000e-01 0.000000e+00 1.530000e-01 9.000000e-03 9.900000e-01 
3.000000e-03 1.290000e-01 0.000000e+00 1.430000e-01 9.000000e-03 9.920000e-01 
3.000000e-03 1.250000e-01 0.000000e+00 1.330000e-01 9.000000e-03 9.940000e-01 
3.000000e-03 1.210000e-01 0.000000e+00 1.230000e-01 9.000000e-03 9.960000e-01 
3.000000e-03 1.170000e-01 0.000000e+00 1.130000e-01 9.000000e-03 9.970000e-01 
3.000000e-03 1.130000e-01 0.000000e+00 1.030000e-01 9.000000e-03 9.990000e-01 
3.000000e-03 1.090000e-01 0.000000e+00 9.300000e-02 9.000000e-03 1.000000e+00 
3.000000e-03 1.050000e-01 0.000000e+00 8.400000e-02 9.000000e-03 1.000000e+00 
3.000000e-03 1.000000e-01 0.000000e+00 7.400000e-02 9.000000e-03 1.000000e+00 
3.000000e-03 9.600000e-02 0.000000e+00 6.400000e-02 9.000000e-03 1.000000e+00 
3.000000e-03 9.200000e-02 0.000000e+00 5.400000e-02 9.000000e-03 1.000000e+00 
3.000000e-03 8.800000e-02 0.000000e+00 4.500000e-02 9.000000e-03 1.000000e+00 
3.000000e-03 8.300000e-02 0.000000e+00 3.500000e-02 9.000000e-03 1.000000e+00 
3.000000e-03 7.900000e-02 0.000000e+00 2.600000e-02 9.000000e-03 1.000000e+00 
3.000000e-03 7.400000e-02 0.000000e+00 1.600000e-02 9.000000e-03 1.000000e+00 
3.000000e-03 7.000000e-02 0.000000e+00 7.000000e-03 9.000000e-03 1.000000e+00 
1.000000e-02 6.500000e-02 0.000000e+00 4.000000e-03 9.000000e-03 1.000000e+00 
1.900000e-02 6.000000e-02 0.000000e+00 4.000000e-03 9.000000e-03 1.000000e+00 
2.900000e-02 5.600000e-02 0.000000e+00 4.000000e-03 9.000000e-03 1.000000e+00 
3.800000e-02 5.100000e-02 0.000000e+00 4.000000e-03 9.000000e-03 1.000000e+00 
4.700000e-02 4.600000e-02 0.000000e+00 4.000000e-03 9.000000e-03 1.000000e+00 
5.700000e-02 4.100000e-02 0.000000e+00 4.000000e-03 9.000000e-03 1.000000e+00 
6.600000e-02 3.600000e-02 0.000000e+00 4.000000e-03 9.000000e-03 1.000000e+00 
7.500000e-02 3.200000e-02 0.000000e+00 4.000000e-03 9.000000e-03 1.000000e+00 
8.400000e-02 2.700000e-02 0.000000e+00 4.000000e-03 9.000000e-03 1.000000e+00 
9.300000e-02 2.200000e-02 0.000000e+00 4.000000e-03 9.000000e-03 1.000000e+00 
1.020000e-01 1.700000e-02 0.000000e+00 4.000000e-03 9.000000e-03 1.000000e+00 
1.110000e-01 1.200000e-02 0.000000e+00 4.000000e-03 9.000000e-03 1.000000e+00 
1.200000e-01 7.000000e-03 0.000000e+00 4.000000e-03 9.000000e-03 1.000000e+00 
1.280000e-01 1.000000e-03 0.000000e+00 3.000000e-03 9.000000e-03 1.000000e+00 
1.370000e-01 0.000000e+00 0.000000e+00 4.000000e-03 1.300000e-02 1.000000e+00 
1.460000e-01 0.000000e+00 0.000000e+00 4.000000e-03 1.800000e-02 9.990000e-01 
1.540000e-01 0.000000e+00 0.000000e+00 3.000000e-03 2.300000e-02 9.970000e-01 
1.630000e-01 0.000000e+00 0.000000e+00 3.000000e-03 2.800000e-02 9.960000e-01 
1.720000e-01 0.000000e+00 0.000000e+00 3.000000e-03 3.300000e-02 9.930000e-01 
1.800000e-01 0.000000e+00 0.000000e+00 3.000000e-03 3.900000e-02 9.920000e-01 
1.880000e-01 0.000000e+00 0.000000e+00 3.000000e-03 4.400000e-02 9.900000e-01 
1.960000e-01 0.000000e+00 0.000000e+00 3.000000e-03 4.900000e-02 9.880000e-01 
2.050000e-01 0.000000e+00 0.000000e+00 3.000000e-03 5.500000e-02 9.860000e-01 
2.130000e-01 0.000000e+00 0.000000e+00 3.000000e-03 6.000000e-02 9.840000e-01 
2.220000e-01 0.000000e+00 0.000000e+00 3.000000e-03 6.500000e-02 9.820000e-01 
2.300000e-01 0.000000e+00 0.000000e+00 3.000000e-03 7.100000e-02 9.800000e-01 
2.380000e-01 0.000000e+00 0.000000e+00 3.000000e-03 7.600000e-02 9.780000e-01 
2.460000e-01 0.000000e+00 0.000000e+00 3.000000e-03 8.200000e-02 9.750000e-01 
2.540000e-01 0.000000e+00 0.000000e+00 3.000000e-03 8.700000e-02 9.730000e-01 
2.620000e-01 0.000000e+00 0.000000e+00 3.000000e-03 9.200000e-02 9.700000e-01 
2.700000e-01 0.000000e+00 0.000000e+00 3.000000e-03 9.800000e-02 9.670000e-01 
2.770000e-01 0.000000e+00 0.000000e+00 3.000000e-03 1.030000e-01 9.650000e-01 
2.850000e-01 0.000000e+00 0.000000e+00 3.000000e-03 1.090000e-01 9.620000e-01 
2.930000e-01 0.000000e+00 0.000000e+00 3.000000e-03 1.140000e-01 9.590000e-01 
3.000000e-01 0.000000e+00 0.000000e+00 3.000000e-03 1.200000e-01 9.560000e-01 
3.080000e-01 0.000000e+00 0.000000e+00 3.000000e-03 1.250000e-01 9.530000e-01 
3.160000e-01 0.000000e+00 0.000000e+00 3.000000e-03 1.310000e-01 9.500000e-01 
3.230000e-01 0.000000e+00 0.000000e+00 3.000000e-03 1.360000e-01 9.460000e-01 
3.300000e-01 0.000000e+00 0.000000e+00 3.000000e-03 1.420000e-01 9.430000e-01 
3.380000e-01 0.000000e+00 0.000000e+00 3.000000e-03 1.470000e-01 9.400000e-01 
3.450000e-01 0.000000e+00 0.000000e+00 3.000000e-03 1.530000e-01 9.350000e-01 
3.520000e-01 0.000000e+00 0.000000e+00 3.000000e-03 1.590000e-01 9.320000e-01 
3.590000e-01 0.000000e+00 0.000000e+00 3.000000e-03 1.640000e-01 9.280000e-01 
3.660000e-01 0.000000e+00 0.000000e+00 3.000000e-03 1.700000e-01 9.240000e-01 
3.730000e-01 0.000000e+00 0.000000e+00 3.000000e-03 1.750000e-01 9.200000e-01 
3.800000e-01 0.000000e+00 0.000000e+00 3.000000e-03 1.810000e-01 9.170000e-01 
3.870000e-01 0.000000e+00 0.000000e+00 3.000000e-03 1.860000e-01 9.130000e-01 
3.940000e-01 0.000000e+00 0.000000e+00 3.000000e-03 1.920000e-01 9.090000e-01 
4.010000e-01 0.000000e+00 0.000000e+00 3.000000e-03 1.970000e-01 9.050000e-01 
4.070000e-01 0.000000e+00 0.000000e+00 2.000000e-03 2.030000e-01 9.000000e-01 
4.140000e-01 0.000000e+00 0.000000e+00 2.000000e-03 2.080000e-01 8.960000e-01 
4.210000e-01 0.000000e+00 0.000000e+00 2.000000e-03 2.140000e-01 8.920000e-01 
4.270000e-01 0.000000e+00 0.000000e+00 2.000000e-03 2.190000e-01 8.870000e-01 
4.330000e-01 0.000000e+00 0.000000e+00 2.000000e-03 2.250000e-01 8.830000e-01 
4.400000e-01 0.000000e+00 0.000000e+00 2.000000e-03 2.300000e-01 8.780000e-01 
4.460000e-01 0.000000e+00 0.000000e+00 2.000000e-03 2.360000e-01 8.740000e-01 
4.520000e-01 0.000000e+00 0.000000e+00 2.000000e-03 2.410000e-01 8.690000e-01 
4.580000e-01 0.000000e+00 0.000000e+00 2.000000e-03 2.470000e-01 8.640000e-01 
4.640000e-01 0.000000e+00 0.000000e+00 2.000000e-03 2.520000e-01 8.600000e-01 
4.700000e-01 0.000000e+00 0.000000e+00 2.000000e-03 2.580000e-01 8.550000e-01 
4.760000e-01 0.000000e+00 0.000000e+00 2.000000e-03 2.630000e-01 8.500000e-01 
4.820000e-01 0.000000e+00 0.000000e+00 2.000000e-03 2.690000e-01 8.440000e-01 
4.880000e-01 0.000000e+00 0.000000e+00 2.000000e-03 2.740000e-01 8.390000e-01 
4.940000e-01 0.000000e+00 0.000000e+00 2.000000e-03 2.800000e-01 8.340000e-01 
4.990000e-01 0.000000e+00 0.000000e+00 2.000000e-03 2.850000e-01 8.280000e-01 
5.050000e-01 0.000000e+00 0.000000e+00 2.000000e-03 2.900000e-01 8.230000e-01 
5.100000e-01 0.000000e+00 0.000000e+00 2.000000e-03 2.960000e-01 8.180000e-01 
5.160000e-01 0.000000e+00 0.000000e+00 2.000000e-03 3.010000e-01 8.130000e-01 
5.210000e-01 0.000000e+00 0.000000e+00 2.000000e-03 3.060000e-01 8.070000e-01 
5.270000e-01 0.000000e+00 0.000000e+00 2.000000e-03 3.120000e-01 8.020000e-01 
5.320000e-01 0.000000e+00 0.000000e+00 2.000000e-03 3.170000e-01 7.960000e-01 
5.370000e-01 0.000000e+00 0.000000e+00 2.000000e-03 3.220000e-01 7.910000e-01 
5.420000e-01 0.000000e+00 0.000000e+00 2.000000e-03 3.280000e-01 7.850000e-01 
5.470000e-01 0.000000e+00 1.000000e-03 2.000000e-03 3.330000e-01 7.790000e-01 
5.520000e-01 0.000000e+00 1.000000e-03 2.000000e-03 3.380000e-01 7.740000e-01 
5.570000e-01 0.000000e+00 1.000000e-03 2.000000e-03 3.430000e-01 7.680000e-01 
5.620000e-01 0.000000e+00 1.000000e-03 2.000000e-03 3.480000e-01 7.620000e-01 
5.670000e-01 0.000000e+00 1.000000e-03 2.000000e-03 3.540000e-01 7.560000e-01 
5.710000e-01 0.000000e+00 1.000000e-03 2.000000e-03 3.590000e-01 7.500000e-01 
5.760000e-01 0.000000e+00 1.000000e-03 2.000000e-03 3.640000e-01 7.440000e-01 
5.800000e-01 0.000000e+00 1.000000e-03 2.000000e-03 3.690000e-01 7.380000e-01 
5.850000e-01 0.000000e+00 1.000000e-03 2.000000e-03 3.740000e-01 7.320000e-01 
5.890000e-01 0.000000e+00 1.000000e-03 2.000000e-03 3.790000e-01 7.260000e-01 
5.940000e-01 0.000000e+00 1.000000e-03 2.000000e-03 3.840000e-01 7.200000e-01 
5.980000e-01 0.000000e+00 1.000000e-03 2.000000e-03 3.890000e-01 7.130000e-01 
6.020000e-01 0.000000e+00 1.000000e-03 2.000000e-03 3.940000e-01 7.060000e-01 
6.060000e-01 0.000000e+00 1.000000e-03 2.000000e-03 3.990000e-01 7.000000e-01 
6.110000e-01 0.000000e+00 1.000000e-03 2.000000e-03 4.040000e-01 6.930000e-01 
6.150000e-01 0.000000e+00 1.000000e-03 2.000000e-03 4.090000e-01 6.870000e-01 
6.190000e-01 0.000000e+00 1.000000e-03 2.000000e-03 4.140000e-01 6.800000e-01 
6.220000e-01 0.000000e+00 1.000000e-03 2.000000e-03 4.180000e-01 6.740000e-01 
6.260000e-01 0.000000e+00 1.000000e-03 2.000000e-03 4.230000e-01 6.670000e-01 
6.300000e-01 0.000000e+00 1.000000e-03 2.000000e-03 4.280000e-01 6.610000e-01 
6.340000e-01 0.000000e+00 1.000000e-03 1.000000e-03 4.330000e-01 6.540000e-01 
6.370000e-01 0.000000e+00 1.000000e-03 1.000000e-03 4.370000e-01 6.480000e-01 
6.410000e-01 0.000000e+00 1.000000e-03 1.000000e-03 4.420000e-01 6.410000e-01 
6.440000e-01 0.000000e+00 1.000000e-03 1.000000e-03 4.470000e-01 6.340000e-01 
6.480000e-01 0.000000e+00 1.000000e-03 1.000000e-03 4.510000e-01 6.270000e-01 
6.510000e-01 0.000000e+00 1.000000e-03 1.000000e-03 4.560000e-01 6.210000e-01 
6.540000e-01 0.000000e+00 1.000000e-03 1.000000e-03 4.600000e-01 6.140000e-01 
6.580000e-01 0.000000e+00 1.000000e-03 1.000000e-03 4.650000e-01 6.070000e-01 
6.610000e-01 0.000000e+00 1.000000e-03 1.000000e-03 4.690000e-01 6.000000e-01 
6.640000e-01 0.000000e+00 1.000000e-03 1.000000e-03 4.740000e-01 5.930000e-01 
6.670000e-01 0.000000e+00 1.000000e-03 1.000000e-03 4.780000e-01 5.860000e-01 
6.700000e-01 0.000000e+00 1.000000e-03 1.000000e-03 4.830000e-01 5.790000e-01 
6.730000e-01 0.000000e+00 1.000000e-03 1.000000e-03 4.870000e-01 5.720000e-01 
6.760000e-01 0.000000e+00 1.000000e-03 1.000000e-03 4.910000e-01 5.650000e-01 
6.780000e-01 0.000000e+00 1.000000e-03 1.000000e-03 4.950000e-01 5.580000e-01 
6.810000e-01 0.000000e+00 1.000000e-03 1.000000e-03 4.990000e-01 5.510000e-01 
6.840000e-01 0.000000e+00 1.000000e-03 1.000000e-03 5.030000e-01 5.430000e-01 
6.860000e-01 0.000000e+00 1.000000e-03 1.000000e-03 5.080000e-01 5.350000e-01 
6.890000e-01 0.000000e+00 1.000000e-03 1.000000e-03 5.120000e-01 5.280000e-01 
6.910000e-01 0.000000e+00 1.000000e-03 1.000000e-03 5.170000e-01 5.210000e-01 
6.940000e-01 0.000000e+00 1.000000e-03 1.000000e-03 5.210000e-01 5.140000e-01 
6.960000e-01 0.000000e+00 1.000000e-03 1.000000e-03 5.250000e-01 5.060000e-01 
6.980000e-01 0.000000e+00 1.000000e-03 1.000000e-03 5.290000e-01 4.990000e-01 
7.010000e-01 0.000000e+00 1.000000e-03 1.000000e-03 5.330000e-01 4.920000e-01 
7.030000e-01 0.000000e+00 1.000000e-03 1.000000e-03 5.360000e-01 4.840000e-01 
7.050000e-01 0.000000e+00 1.000000e-03 1.000000e-03 5.400000e-01 4.770000e-01 
7.070000e-01 0.000000e+00 1.000000e-03 1.000000e-03 5.440000e-01 4.700000e-01 
7.090000e-01 0.000000e+00 1.000000e-03 1.000000e-03 5.480000e-01 4.620000e-01 
7.110000e-01 0.000000e+00 1.000000e-03 1.000000e-03 5.520000e-01 4.550000e-01 
7.130000e-01 0.000000e+00 1.000000e-03 1.000000e-03 5.550000e-01 4.470000e-01 
7.140000e-01 0.000000e+00 1.000000e-03 1.000000e-03 5.580000e-01 4.400000e-01 
7.160000e-01 0.000000e+00 1.000000e-03 1.000000e-03 5.620000e-01 4.320000e-01 
7.180000e-01 0.000000e+00 1.000000e-03 1.000000e-03 5.650000e-01 4.250000e-01 
7.190000e-01 0.000000e+00 1.000000e-03 1.000000e-03 5.690000e-01 4.170000e-01 
7.210000e-01 0.000000e+00 1.000000e-03 1.000000e-03 5.730000e-01 4.100000e-01 
7.220000e-01 0.000000e+00 1.000000e-03 1.000000e-03 5.760000e-01 4.020000e-01 
7.240000e-01 0.000000e+00 1.000000e-03 1.000000e-03 5.790000e-01 3.940000e-01 
7.250000e-01 0.000000e+00 1.000000e-03 1.000000e-03 5.830000e-01 3.870000e-01 
7.270000e-01 0.000000e+00 1.000000e-03 1.000000e-03 5.860000e-01 3.790000e-01 
7.280000e-01 0.000000e+00 1.000000e-03 1.000000e-03 5.900000e-01 3.710000e-01 
7.290000e-01 0.000000e+00 1.000000e-03 1.000000e-03 5.930000e-01 3.640000e-01 
7.300000e-01 0.000000e+00 1.000000e-03 1.000000e-03 5.960000e-01 3.560000e-01 
7.310000e-01 0.000000e+00 1.000000e-03 1.000000e-03 5.990000e-01 3.480000e-01 
7.320000e-01 0.000000e+00 1.000000e-03 1.000000e-03 6.020000e-01 3.400000e-01 
7.330000e-01 0.000000e+00 1.000000e-03 1.000000e-03 6.050000e-01 3.320000e-01 
7.340000e-01 0.000000e+00 1.000000e-03 1.000000e-03 6.090000e-01 3.240000e-01 
7.350000e-01 0.000000e+00 1.000000e-03 1.000000e-03 6.120000e-01 3.170000e-01 
7.360000e-01 0.000000e+00 1.000000e-03 1.000000e-03 6.140000e-01 3.090000e-01 
7.380000e-01 0.000000e+00 1.000000e-03 1.000000e-03 6.160000e-01 3.020000e-01 
7.400000e-01 0.000000e+00 1.000000e-03 1.000000e-03 6.170000e-01 2.960000e-01 
7.420000e-01 0.000000e+00 1.000000e-03 1.000000e-03 6.170000e-01 2.900000e-01 
7.450000e-01 0.000000e+00 1.000000e-03 1.000000e-03 6.160000e-01 2.840000e-01 
