2.056167583560e-06
2.044814047579e-06
2.033486200408e-06
2.022182547749e-06
2.010911186348e-06
1.999662384522e-06
1.988450958401e-06
1.977256944656e-06
1.966077892715e-06
1.954923396308e-06
1.943789215570e-06
1.932677673533e-06
1.921581198238e-06
1.910496432758e-06
1.899432157655e-06
1.888386093876e-06
1.877359302665e-06
1.866350028625e-06
1.855362397224e-06
1.844394802199e-06
1.833457171977e-06
1.822537108405e-06
1.811642632745e-06
1.800788551444e-06
1.789962497390e-06
1.779165680791e-06
1.768392927135e-06
1.757648886089e-06
1.746960746828e-06
1.736320845522e-06
1.725723090686e-06
1.715171916385e-06
1.704669144298e-06
1.694205534974e-06
1.683798914944e-06
1.673438014938e-06
1.663134475886e-06
1.652893919238e-06
1.642715913363e-06
1.632597587792e-06
1.622550727571e-06
1.612551048561e-06
1.602614711776e-06
1.592763411999e-06
1.582967901513e-06
1.573237925194e-06
1.563583387422e-06
1.554000753213e-06
1.544475726331e-06
1.535032792583e-06
1.525664784285e-06
1.516361932910e-06
1.507121991331e-06
1.497955902202e-06
1.488858954363e-06
1.479836930732e-06
1.470884698210e-06
1.461994218673e-06
1.453183668379e-06
1.444427426551e-06
1.435727924612e-06
1.427091612324e-06
1.418525165418e-06
1.410013789679e-06
1.401564880520e-06
1.393189717395e-06
1.384869247168e-06
1.376625223594e-06
1.368439353293e-06
1.360314342302e-06
1.352254747710e-06
1.344249649916e-06
1.336308269767e-06
1.328444897238e-06
1.320639825115e-06
1.312889698259e-06
1.305209168618e-06
1.297589463213e-06
1.290030627355e-06
1.282541608065e-06
1.275101456035e-06
1.267718380634e-06
1.260401468937e-06
1.253131237143e-06
1.245917734744e-06
1.238763962922e-06
1.231659925114e-06
1.224609657443e-06
1.217611833411e-06
1.210662744669e-06
1.203761113860e-06
1.196907646591e-06
1.190109888644e-06
1.183347395897e-06
1.176628893129e-06
1.169945877639e-06
1.163307535477e-06
1.156721137795e-06
1.150159403109e-06
1.143632040395e-06
1.137144973726e-06
1.130687650293e-06
1.124257350273e-06
1.117859140957e-06
1.111491331169e-06
1.105150287424e-06
1.098842555188e-06
1.092564574102e-06
1.086311340691e-06
1.080085412588e-06
1.073884918760e-06
1.067717995892e-06
1.061585579254e-06
1.055482366687e-06
1.049413233342e-06
1.043378406997e-06
1.037381919225e-06
1.031419365350e-06
1.025491567173e-06
1.019588459966e-06
1.013709392757e-06
1.007858140389e-06
1.002037036221e-06
9.962364490858e-07
9.904645469423e-07
9.847207339097e-07
9.789994251795e-07
9.732977013212e-07
9.676148384858e-07
9.619497076952e-07
9.563124183582e-07
9.506951816474e-07
9.450973726411e-07
9.395227152341e-07
9.339580766764e-07
9.284092008606e-07
9.228834965404e-07
9.173751690540e-07
9.118833017625e-07
9.064017320291e-07
9.009394337567e-07
8.954913399895e-07
8.900547541190e-07
8.846350842806e-07
8.792286155744e-07
8.738449453539e-07
8.684668753876e-07
8.631028206133e-07
8.577570224027e-07
8.524305139451e-07
8.471100964203e-07
8.418126369551e-07
8.365286592213e-07
8.312528265408e-07
8.260002411009e-07
8.207587749756e-07
8.155359571636e-07
8.103316790960e-07
8.051438201974e-07
7.999723525993e-07
7.948215750341e-07
7.896905157486e-07
7.845745102803e-07
7.794832988154e-07
7.744006274925e-07
7.693386078997e-07
7.643064629321e-07
7.592895957654e-07
7.542965219032e-07
7.493325410517e-07
7.443877928623e-07
7.394612148877e-07
7.345660598914e-07
7.296889668026e-07
7.248338615120e-07
7.200073367277e-07
7.152070241355e-07
7.104284366587e-07
7.056765891571e-07
7.009490918330e-07
6.962430057704e-07
6.915638976281e-07
6.869075606746e-07
6.822734590918e-07
6.776626337237e-07
6.730692997747e-07
6.684972335034e-07
6.639533553924e-07
6.594272904489e-07
6.549182271648e-07
6.504284084246e-07
6.459608551808e-07
6.415128886081e-07
6.370841395282e-07
6.326789993959e-07
6.282883802291e-07
6.239199925058e-07
6.195681695974e-07
6.152351026276e-07
6.109278044288e-07
6.066389734028e-07
6.023676674972e-07
5.981255451421e-07
5.938988964103e-07
5.896888570776e-07
5.855066138482e-07
5.813382609701e-07
5.771827526210e-07
5.730566880253e-07
5.689515888614e-07
5.648641716402e-07
5.608004969772e-07
5.567573546395e-07
5.527308888671e-07
5.487300601807e-07
5.447516618177e-07
5.407919480777e-07
5.368531436579e-07
5.329411013743e-07
5.290485823190e-07
5.251834541164e-07
5.213398776699e-07
5.175172562387e-07
5.137218253631e-07
5.099411624737e-07
5.061822722976e-07
5.024625194471e-07
4.987568174451e-07
4.950698537138e-07
4.914176069827e-07
4.877804275177e-07
4.841692857861e-07
4.805937189518e-07
4.770433641219e-07
4.735100754092e-07
4.700039857939e-07
4.665182430890e-07
4.630569665513e-07
4.596290628007e-07
4.562229850360e-07
4.528400745214e-07
4.494909111061e-07
4.461616439268e-07
4.428544138568e-07
4.395779125977e-07
4.363275964781e-07
4.330975308231e-07
4.298999721130e-07
4.267227157830e-07
4.235708664392e-07
4.204500306547e-07
4.173510905585e-07
4.142730646723e-07
4.112246677902e-07
4.082053315819e-07
4.052086282942e-07
4.022352553248e-07
3.992883913214e-07
3.963648044847e-07
3.934741456049e-07
3.906069232892e-07
3.877592661175e-07
3.849375478220e-07
3.821386306113e-07
3.793605133626e-07
3.766085556125e-07
3.738820658308e-07
3.711729309178e-07
3.684942227191e-07
3.658307055733e-07
3.631888782007e-07
3.605722919253e-07
3.579783619927e-07
3.554052096872e-07
3.528571162017e-07
3.503265144035e-07
3.478154413026e-07
3.453301756778e-07
3.428657319186e-07
3.404174902977e-07
3.379939993771e-07
3.355863295302e-07
3.331959263987e-07
3.308259660418e-07
3.284725437446e-07
3.261384444728e-07
3.238222791210e-07
3.215267843108e-07
3.192481645083e-07
3.169923073924e-07
3.147542131009e-07
3.125343792533e-07
3.103377163068e-07
3.081573155295e-07
3.059929431788e-07
3.038500615366e-07
3.017262004455e-07
2.996177948182e-07
2.975276234479e-07
2.954540265089e-07
2.933966861615e-07
2.913620108014e-07
2.893443158979e-07
2.873416329365e-07
2.853559502078e-07
2.833877964115e-07
2.814365688939e-07
2.795056465178e-07
2.775915532809e-07
2.756916525349e-07
2.738123989851e-07
2.719450624229e-07
2.700949213938e-07
2.682601952504e-07
2.664409861203e-07
2.646390952920e-07
2.628538095880e-07
2.610865499473e-07
2.593341803075e-07
2.575970881290e-07
2.558768733214e-07
2.541742440246e-07
2.524833705372e-07
2.508080794668e-07
2.491438246598e-07
2.475009154354e-07
2.458718711863e-07
2.442535228653e-07
2.426483736026e-07
2.410595914090e-07
2.394831570216e-07
2.379229525039e-07
2.363764318366e-07
2.348420162107e-07
2.333217443354e-07
2.318128445299e-07
2.303140817356e-07
2.288342477559e-07
2.273640073212e-07
2.259073893219e-07
2.244604834189e-07
2.230278848092e-07
2.216063427518e-07
2.202011493441e-07
2.188016481645e-07
2.174117302612e-07
2.160367343803e-07
2.146725448644e-07
2.133190117199e-07
2.119771392583e-07
2.106474671662e-07
2.093264934009e-07
2.080165897875e-07
2.067178519787e-07
2.054282517884e-07
2.041514783862e-07
2.028798336846e-07
2.016180601557e-07
2.003678952328e-07
1.991285504712e-07
1.978971554310e-07
1.966783104713e-07
1.954682107234e-07
1.942665639985e-07
1.930771650650e-07
1.918911961037e-07
1.907117619331e-07
1.895446098680e-07
1.883863277789e-07
1.872347778784e-07
1.860914923411e-07
1.849577244544e-07
1.838298000158e-07
1.827102509153e-07
1.815992672203e-07
1.804964921529e-07
1.794032117187e-07
1.783140546121e-07
1.772302319304e-07
1.761546665721e-07
1.750857842245e-07
1.740251179645e-07
1.729749266671e-07
1.719299770536e-07
1.708908645451e-07
1.698602362190e-07
1.688383262890e-07
1.678211858488e-07
1.668099442672e-07
1.658026910158e-07
1.648025804434e-07
1.638112587565e-07
1.628233748084e-07
1.618430637332e-07
1.608723612900e-07
1.599069852047e-07
1.589473131911e-07
1.579961370023e-07
1.570516887328e-07
1.561138462976e-07
1.551880138910e-07
1.542704337838e-07
1.533581612220e-07
1.524537654865e-07
1.515579427754e-07
1.506694976942e-07
1.497886045591e-07
1.489143023976e-07
1.480482266074e-07
1.471875038887e-07
1.463342649479e-07
1.454871574525e-07
1.446490174632e-07
1.438175159915e-07
1.429938733146e-07
1.421766095038e-07
1.413665068973e-07
1.405613557487e-07
1.397634249344e-07
1.389719163789e-07
1.381853825796e-07
1.374060880231e-07
1.366316417939e-07
1.358632369948e-07
1.351046850453e-07
1.343507332418e-07
1.336012854998e-07
1.328579029194e-07
1.321196395234e-07
1.313868235273e-07
1.306599089803e-07
1.299411340095e-07
1.292274470669e-07
1.285175726486e-07
1.278158095099e-07
1.271184927901e-07
1.264252807585e-07
1.257363860140e-07
1.250525919728e-07
1.243757010871e-07
1.237020959999e-07
1.230328600326e-07
1.223697834889e-07
1.217116188095e-07
1.210584819215e-07
1.204107302376e-07
1.197666969409e-07
1.191264365236e-07
1.184916615677e-07
1.178615584142e-07
1.172357243291e-07
1.166144599109e-07
1.159976450126e-07
1.153871894375e-07
1.147841841651e-07
1.141818705438e-07
1.135834404085e-07
1.129892823834e-07
1.123995770708e-07
1.118149936862e-07
1.112341882565e-07
1.106572440656e-07
1.100837079883e-07
1.095157348339e-07
1.089517793658e-07
1.083916932099e-07
1.078359286171e-07
1.072841978295e-07
1.067362199420e-07
1.061911292609e-07
1.056515853250e-07
1.051145198708e-07
1.045822340828e-07
1.040538209127e-07
1.035284583538e-07
1.030078267770e-07
1.024901383981e-07
1.019759313510e-07
1.014668922485e-07
1.009603340247e-07
1.004567954368e-07
9.995872417474e-08
9.946379975919e-08
9.897362820903e-08
9.848852851444e-08
9.800505392476e-08
9.752394237579e-08
9.704732291243e-08
9.657434988545e-08
9.610434339283e-08
9.563773581582e-08
9.517628574978e-08
9.471884449935e-08
9.426493791725e-08
9.381322289721e-08
9.336489389744e-08
9.292271664811e-08
9.248197701421e-08
9.204288262787e-08
9.160867165769e-08
9.117769194196e-08
9.074904313981e-08
9.032643489505e-08
8.990745366661e-08
8.949061302770e-08
8.907780394668e-08
8.866935828311e-08
8.826299904389e-08
8.786160569561e-08
8.746135404538e-08
8.706430874147e-08
8.667178117810e-08
8.628171068544e-08
8.589325527241e-08
8.551040991717e-08
8.512998942513e-08
8.475270112289e-08
8.438012946800e-08
8.401074132523e-08
8.364363293198e-08
8.328097068024e-08
8.292150190431e-08
8.256354819931e-08
8.221174410170e-08
8.186155622099e-08
8.151315721443e-08
8.116976676237e-08
8.083029607691e-08
8.049258018258e-08
8.015813646397e-08
7.982832971947e-08
7.950053265527e-08
7.917830672891e-08
7.885679729247e-08
7.853894811065e-08
7.822392349663e-08
7.791207670252e-08
7.760264449320e-08
7.729742519003e-08
7.699534969131e-08
7.669525506077e-08
7.640075968028e-08
7.610862191383e-08
7.581817097496e-08
7.553201710788e-08
7.524856116970e-08
7.496713349259e-08
7.469030610213e-08
7.441600352403e-08
7.414401989757e-08
7.387533391129e-08
7.360907302240e-08
7.334591658134e-08
7.308631084914e-08
7.282964179350e-08
7.257495091670e-08
7.232368276410e-08
5.665854039598e-08
4.823422899746e-08
4.667674850468e-08
4.835450547638e-08
5.325738331717e-08
