-0.004114 0.003334 0.000784 
-0.004114 0.003334 0.000784 
-0.004037 0.003446 0.000587 
-0.003860 0.003658 0.000202 
-0.003860 0.003658 0.000202 
-0.003770 0.003752 0.000018 
-0.003546 0.003916 -0.000362 
-0.003546 0.003916 -0.000362 
-0.003421 0.003984 -0.000549 
-0.003168 0.004094 -0.000911 
-0.003168 0.004094 -0.000911 
-0.003036 0.004140 -0.001088 
-0.002744 0.004211 -0.001436 
-0.002744 0.004211 -0.001436 
-0.002589 0.004225 -0.001598 
-0.002277 0.004250 -0.001920 
-0.002277 0.004250 -0.001920 
-0.002116 0.004248 -0.002072 
-0.001782 0.004223 -0.002364 
-0.001782 0.004223 -0.002364 
-0.001618 0.004190 -0.002501 
-0.001267 0.004126 -0.002761 
-0.001267 0.004126 -0.002761 
-0.001089 0.004080 -0.002877 
-0.000744 0.003969 -0.003099 
-0.000744 0.003969 -0.003099 
-0.000559 0.003900 -0.003200 
-0.000215 0.003756 -0.003387 
-0.000215 0.003756 -0.003387 
-0.000035 0.003664 -0.003464 
0.000309 0.003484 -0.003608 
0.000309 0.003484 -0.003608 
0.000484 0.003383 -0.003672 
0.000818 0.003164 -0.003765 
0.000818 0.003164 -0.003765 
0.000981 0.003054 -0.003810 
0.001306 0.002810 -0.003870 
0.001306 0.002810 -0.003870 
0.001463 0.002680 -0.003888 
0.001768 0.002417 -0.003904 
0.001768 0.002417 -0.003904 
0.001915 0.002288 -0.003913 
0.002201 0.002002 -0.003883 
0.002201 0.002002 -0.003883 
0.002334 0.001864 -0.003874 
0.002582 0.001569 -0.003808 
0.002582 0.001569 -0.003808 
0.002700 0.001418 -0.003771 
0.002921 0.001118 -0.003679 
0.002921 0.001118 -0.003679 
0.003027 0.000967 -0.003612 
0.003222 0.000666 -0.003494 
0.003222 0.000666 -0.003494 
0.003314 0.000513 -0.003417 
0.003465 0.000213 -0.003258 
0.003465 0.000213 -0.003258 
0.003538 0.000066 -0.003179 
0.003659 -0.000227 -0.002990 
0.003659 -0.000227 -0.002990 
0.003712 -0.000377 -0.002888 
0.003803 -0.000660 -0.002673 
0.003803 -0.000660 -0.002673 
0.003836 -0.000798 -0.002566 
0.003891 -0.001070 -0.002338 
0.003891 -0.001070 -0.002338 
0.003915 -0.001211 -0.002213 
0.003928 -0.001462 -0.001973 
0.003928 -0.001462 -0.001973 
0.003928 -0.001583 -0.001848 
0.003922 -0.001824 -0.001585 
0.003922 -0.001824 -0.001585 
0.003908 -0.001937 -0.001460 
0.003851 -0.002148 -0.001188 
0.003851 -0.002148 -0.001188 
0.003829 -0.002252 -0.001052 
0.003748 -0.002443 -0.000779 
0.003748 -0.002443 -0.000779 
0.003705 -0.002533 -0.000645 
0.003593 -0.002697 -0.000368 
0.003593 -0.002697 -0.000368 
0.003540 -0.002775 -0.000225 
0.003409 -0.002916 0.000041 
0.003409 -0.002916 0.000041 
0.003333 -0.002979 0.000172 
0.003178 -0.003086 0.000443 
0.003178 -0.003086 0.000443 
0.003093 -0.003136 0.000579 
0.002913 -0.003215 0.000828 
0.002913 -0.003215 0.000828 
0.002820 -0.003252 0.000962 
0.002628 -0.003308 0.001207 
0.002628 -0.003308 0.001207 
0.002525 -0.003325 0.001326 
0.002314 -0.003360 0.001556 
0.002314 -0.003360 0.001556 
0.002201 -0.003357 0.001665 
0.001977 -0.003356 0.001887 
0.001977 -0.003356 0.001887 
0.001861 -0.003348 0.001993 
0.001630 -0.003326 0.002190 
0.001630 -0.003326 0.002190 
0.001513 -0.003306 0.002286 
0.001273 -0.003250 0.002471 
0.001273 -0.003250 0.002471 
0.001150 -0.003218 0.002554 
0.000910 -0.003144 0.002708 
0.000910 -0.003144 0.002708 
0.000787 -0.003097 0.002784 
0.000543 -0.003001 0.002923 
0.000543 -0.003001 0.002923 
0.000420 -0.002940 0.002983 
0.000181 -0.002828 0.003095 
0.000181 -0.002828 0.003095 
0.000057 -0.002757 0.003151 
-0.000180 -0.002619 0.003239 
-0.000180 -0.002619 0.003239 
-0.000297 -0.002552 0.003274 
-0.000526 -0.002390 0.003333 
-0.000526 -0.002390 0.003333 
-0.000639 -0.002315 0.003360 
-0.000863 -0.002136 0.003409 
-0.000863 -0.002136 0.003409 
-0.000970 -0.002054 0.003416 
-0.001181 -0.001874 0.003440 
-0.001181 -0.001874 0.003440 
-0.001283 -0.001775 0.003439 
-0.001481 -0.001586 0.003440 
-0.001481 -0.001586 0.003440 
-0.001576 -0.001485 0.003428 
-0.001759 -0.001284 0.003403 
-0.001759 -0.001284 0.003403 
-0.001845 -0.001180 0.003380 
-0.002012 -0.000985 0.003331 
-0.002012 -0.000985 0.003331 
-0.002094 -0.000876 0.003305 
-0.002241 -0.000669 0.003234 
-0.002241 -0.000669 0.003234 
-0.002308 -0.000555 0.003194 
-0.002443 -0.000349 0.003109 
-0.002443 -0.000349 0.003109 
-0.002502 -0.000244 0.003056 
-0.002611 -0.000032 0.002950 
-0.002611 -0.000032 0.002950 
-0.002663 0.000065 0.002891 
-0.002751 0.000282 0.002767 
-0.002751 0.000282 0.002767 
-0.002795 0.000381 0.002707 
-0.002866 0.000583 0.002570 
-0.002866 0.000583 0.002570 
-0.002894 0.000678 0.002496 
-0.002951 0.000875 0.002349 
-0.002951 0.000875 0.002349 
-0.002969 0.000962 0.002268 
-0.003001 0.001157 0.002110 
-0.003001 0.001157 0.002110 
-0.003015 0.001253 0.002028 
-0.003027 0.001425 0.001860 
-0.003027 0.001425 0.001860 
-0.003026 0.001507 0.001772 
-0.003017 0.001673 0.001593 
-0.003017 0.001673 0.001593 
-0.003009 0.001754 0.001503 
-0.002988 0.001906 0.001321 
-0.002988 0.001906 0.001321 
-0.002969 0.001983 0.001234 
-0.002925 0.002120 0.001043 
-0.002925 0.002120 0.001043 
-0.002900 0.002190 0.000952 
-0.002829 0.002315 0.000761 
-0.002829 0.002315 0.000761 
-0.002809 0.002367 0.000672 
-0.002723 0.002480 0.000480 
-0.002723 0.002480 0.000480 
-0.002683 0.002529 0.000388 
-0.002592 0.002625 0.000201 
-0.002592 0.002625 0.000201 
-0.002540 0.002669 0.000109 
-0.002439 0.002750 -0.000075 
-0.002439 0.002750 -0.000075 
-0.002382 0.002780 -0.000165 
-0.002265 0.002847 -0.000345 
-0.002265 0.002847 -0.000345 
-0.002200 0.002871 -0.000432 
-0.002077 0.002918 -0.000606 
-0.002077 0.002918 -0.000606 
-0.002010 0.002941 -0.000692 
-0.001868 0.002963 -0.000857 
-0.001868 0.002963 -0.000857 
-0.001802 0.002977 -0.000937 
-0.001656 0.002990 -0.001097 
-0.001656 0.002990 -0.001097 
-0.001585 0.002990 -0.001170 
-0.001430 0.002992 -0.001322 
-0.001430 0.002992 -0.001322 
-0.001358 0.002979 -0.001389 
-0.001197 0.002972 -0.001532 
-0.001197 0.002972 -0.001532 
-0.001116 0.002962 -0.001598 
-0.000953 0.002926 -0.001724 
-0.000953 0.002926 -0.001724 
-0.000874 0.002902 -0.001783 
-0.000718 0.002859 -0.001899 
-0.000718 0.002859 -0.001899 
-0.000633 0.002831 -0.001951 
-0.000475 0.002769 -0.002053 
-0.000475 0.002769 -0.002053 
-0.000387 0.002744 -0.002104 
-0.000228 0.002670 -0.002192 
-0.000228 0.002670 -0.002192 
-0.000151 0.002631 -0.002235 
0.000016 0.002554 -0.002313 
0.000016 0.002554 -0.002313 
0.000093 0.002510 -0.002349 
0.000249 0.002419 -0.002418 
0.000249 0.002419 -0.002418 
0.000323 0.002368 -0.002443 
0.000484 0.002271 -0.002496 
0.000484 0.002271 -0.002496 
0.000556 0.002215 -0.002515 
0.000708 0.002107 -0.002556 
0.000708 0.002107 -0.002556 
0.000776 0.002051 -0.002570 
0.000918 0.001934 -0.002598 
0.000918 0.001934 -0.002598 
0.000992 0.001878 -0.002611 
0.001125 0.001749 -0.002615 
0.001125 0.001749 -0.002615 
0.001197 0.001691 -0.002623 
0.001320 0.001563 -0.002622 
0.001320 0.001563 -0.002622 
0.001390 0.001501 -0.002627 
0.001503 0.001366 -0.002607 
0.001503 0.001366 -0.002607 
0.001561 0.001298 -0.002595 
0.001677 0.001165 -0.002577 
0.001677 0.001165 -0.002577 
0.001732 0.001099 -0.002563 
0.001835 0.000962 -0.002528 
0.001835 0.000962 -0.002528 
0.001884 0.000892 -0.002507 
0.001978 0.000757 -0.002460 
0.001978 0.000757 -0.002460 
0.002025 0.000689 -0.002440 
0.002107 0.000552 -0.002385 
0.002107 0.000552 -0.002385 
0.002145 0.000483 -0.002356 
0.002221 0.000348 -0.002290 
0.002221 0.000348 -0.002290 
0.002256 0.000280 -0.002260 
0.002325 0.000145 -0.002186 
0.002325 0.000145 -0.002186 
0.002354 0.000079 -0.002148 
0.002409 -0.000053 -0.002073 
0.002409 -0.000053 -0.002073 
0.002429 -0.000119 -0.002028 
0.002472 -0.000245 -0.001952 
0.002472 -0.000245 -0.001952 
0.002490 -0.000311 -0.001900 
0.002521 -0.000432 -0.001803 
0.002521 -0.000432 -0.001803 
0.002535 -0.000496 -0.001765 
0.002564 -0.000615 -0.001660 
0.002564 -0.000615 -0.001660 
0.002575 -0.000676 -0.001618 
0.002592 -0.000793 -0.001514 
0.002592 -0.000793 -0.001514 
0.002591 -0.000846 -0.001457 
0.002596 -0.000958 -0.001351 
0.002596 -0.000958 -0.001351 
0.002604 -0.001011 -0.001301 
0.002597 -0.001116 -0.001190 
0.002597 -0.001116 -0.001190 
0.002591 -0.001165 -0.001138 
0.002579 -0.001261 -0.001021 
0.002579 -0.001261 -0.001021 
0.002570 -0.001312 -0.000972 
0.002556 -0.001402 -0.000850 
0.002556 -0.001402 -0.000850 
0.002536 -0.001443 -0.000793 
0.002499 -0.001526 -0.000684 
0.002499 -0.001526 -0.000684 
0.002492 -0.001569 -0.000615 
0.002457 -0.001649 -0.000510 
0.002457 -0.001649 -0.000510 
0.002435 -0.001684 -0.000447 
0.002390 -0.001753 -0.000333 
0.002390 -0.001753 -0.000333 
0.002364 -0.001784 -0.000276 
0.002317 -0.001849 -0.000160 
0.002317 -0.001849 -0.000160 
0.002288 -0.001875 -0.000101 
0.002227 -0.001926 0.000014 
0.002227 -0.001926 0.000014 
0.002196 -0.001954 0.000065 
0.002135 -0.002004 0.000177 
0.002135 -0.002004 0.000177 
0.002097 -0.002020 0.000233 
0.002031 -0.002059 0.000342 
0.002031 -0.002059 0.000342 
0.001998 -0.002079 0.000405 
0.001924 -0.002109 0.000505 
0.001924 -0.002109 0.000505 
0.001886 -0.002124 0.000557 
0.001809 -0.002147 0.000668 
0.001809 -0.002147 0.000668 
0.001768 -0.002159 0.000719 
0.001685 -0.002175 0.000817 
0.001685 -0.002175 0.000817 
0.001642 -0.002178 0.000869 
0.001557 -0.002188 0.000959 
0.001557 -0.002188 0.000959 
0.001514 -0.002191 0.001013 
0.001429 -0.002197 0.001096 
0.001429 -0.002197 0.001096 
0.001384 -0.002196 0.001150 
0.001291 -0.002187 0.001233 
0.001291 -0.002187 0.001233 
0.001244 -0.002181 0.001271 
0.001155 -0.002175 0.001359 
0.001155 -0.002175 0.001359 
0.001104 -0.002157 0.001400 
0.001011 -0.002143 0.001476 
0.001011 -0.002143 0.001476 
0.000964 -0.002129 0.001514 
0.000869 -0.002105 0.001585 
0.000869 -0.002105 0.001585 
0.000822 -0.002092 0.001623 
0.000729 -0.002067 0.001689 
0.000729 -0.002067 0.001689 
0.000679 -0.002047 0.001716 
0.000583 -0.002005 0.001780 
0.000583 -0.002005 0.001780 
0.000536 -0.001986 0.001812 
0.000442 -0.001947 0.001870 
0.000442 -0.001947 0.001870 
0.000393 -0.001923 0.001897 
0.000299 -0.001877 0.001938 
0.000299 -0.001877 0.001938 
0.000251 -0.001854 0.001970 
0.000160 -0.001802 0.002015 
0.000160 -0.001802 0.002015 
0.000114 -0.001779 0.002029 
0.000021 -0.001712 0.002072 
0.000021 -0.001712 0.002072 
-0.000023 -0.001689 0.002094 
-0.000114 -0.001628 0.002118 
-0.000114 -0.001628 0.002118 
-0.000158 -0.001598 0.002136 
-0.000246 -0.001534 0.002165 
-0.000246 -0.001534 0.002165 
-0.000288 -0.001502 0.002174 
-0.000373 -0.001440 0.002194 
-0.000373 -0.001440 0.002194 
-0.000415 -0.001397 0.002206 
-0.000497 -0.001333 0.002217 
-0.000497 -0.001333 0.002217 
-0.000539 -0.001301 0.002229 
-0.000620 -0.001216 0.002243 
-0.000620 -0.001216 0.002243 
-0.000657 -0.001182 0.002243 
-0.000732 -0.001110 0.002245 
-0.000732 -0.001110 0.002245 
-0.000767 -0.001072 0.002241 
-0.000840 -0.000988 0.002241 
-0.000840 -0.000988 0.002241 
-0.000880 -0.000952 0.002250 
-0.000948 -0.000877 0.002237 
-0.000948 -0.000877 0.002237 
-0.000981 -0.000834 0.002231 
-0.001047 -0.000758 0.002227 
-0.001047 -0.000758 0.002227 
-0.001080 -0.000722 0.002215 
-0.001142 -0.000631 0.002203 
-0.001142 -0.000631 0.002203 
-0.001169 -0.000592 0.002189 
-0.001225 -0.000513 0.002167 
-0.001225 -0.000513 0.002167 
-0.001257 -0.000473 0.002161 
-0.001312 -0.000391 0.002135 
-0.001312 -0.000391 0.002135 
-0.001337 -0.000354 0.002123 
-0.001381 -0.000262 0.002089 
-0.001381 -0.000262 0.002089 
-0.001406 -0.000225 0.002072 
-0.001450 -0.000145 0.002038 
-0.001450 -0.000145 0.002038 
-0.001468 -0.000103 0.002016 
-0.001513 -0.000023 0.001983 
-0.001513 -0.000023 0.001983 
-0.001534 0.000015 0.001967 
-0.001566 0.000095 0.001923 
-0.001566 0.000095 0.001923 
-0.001587 0.000133 0.001904 
-0.001616 0.000211 0.001855 
-0.001616 0.000211 0.001855 
-0.001629 0.000254 0.001835 
-0.001658 0.000324 0.001784 
-0.001658 0.000324 0.001784 
-0.001670 0.000369 0.001763 
-0.001689 0.000447 0.001708 
-0.001689 0.000447 0.001708 
-0.001698 0.000480 0.001681 
-0.001719 0.000552 0.001629 
-0.001719 0.000552 0.001629 
-0.001725 0.000590 0.001600 
-0.001746 0.000656 0.001550 
-0.001746 0.000656 0.001550 
-0.001747 0.000702 0.001519 
-0.001762 0.000765 0.001464 
-0.001762 0.000765 0.001464 
-0.001757 0.000805 0.001430 
-0.001761 0.000875 0.001371 
-0.001761 0.000875 0.001371 
-0.001766 0.000903 0.001341 
-0.001766 0.000967 0.001279 
-0.001766 0.000967 0.001279 
-0.001765 0.000997 0.001248 
-0.001764 0.001058 0.001186 
-0.001764 0.001058 0.001186 
-0.001762 0.001085 0.001153 
-0.001754 0.001148 0.001088 
-0.001754 0.001148 0.001088 
-0.001751 0.001174 0.001057 
-0.001733 0.001231 0.000990 
-0.001733 0.001231 0.000990 
-0.001732 0.001252 0.000959 
-0.001719 0.001313 0.000894 
-0.001719 0.001313 0.000894 
-0.001711 0.001338 0.000862 
-0.001691 0.001390 0.000793 
-0.001691 0.001390 0.000793 
-0.001677 0.001410 0.000761 
-0.001665 0.001460 0.000695 
-0.001665 0.001460 0.000695 
-0.001647 0.001473 0.000660 
-0.001626 0.001519 0.000595 
-0.001626 0.001519 0.000595 
-0.001607 0.001542 0.000560 
-0.001578 0.001581 0.000495 
-0.001578 0.001581 0.000495 
-0.001564 0.001598 0.000461 
-0.001541 0.001636 0.000398 
-0.001541 0.001636 0.000398 
-0.001526 0.001644 0.000365 
-0.001491 0.001683 0.000300 
-0.001491 0.001683 0.000300 
-0.001476 0.001697 0.000266 
-0.001441 0.001728 0.000202 
-0.001441 0.001728 0.000202 
-0.001421 0.001740 0.000171 
-0.001382 0.001762 0.000108 
-0.001382 0.001762 0.000108 
-0.001367 0.001773 0.000078 
-0.001323 0.001792 0.000014 
-0.001323 0.001792 0.000014 
-0.001304 0.001805 -0.000016 
-0.001263 0.001822 -0.000077 
-0.001263 0.001822 -0.000077 
-0.001249 0.001830 -0.000106 
-0.001199 0.001846 -0.000166 
-0.001199 0.001846 -0.000166 
-0.001177 0.001854 -0.000196 
-0.001131 0.001867 -0.000256 
-0.001131 0.001867 -0.000256 
-0.001111 0.001868 -0.000283 
-0.001069 0.001880 -0.000339 
-0.001069 0.001880 -0.000339 
-0.001046 0.001877 -0.000366 
-0.000996 0.001881 -0.000420 
-0.000996 0.001881 -0.000420 
-0.000973 0.001888 -0.000449 
-0.000927 0.001887 -0.000500 
-0.000927 0.001887 -0.000500 
-0.000897 0.001887 -0.000525 
-0.000852 0.001889 -0.000577 
-0.000852 0.001889 -0.000577 
-0.000831 0.001894 -0.000605 
-0.000781 0.001882 -0.000650 
-0.000781 0.001882 -0.000650 
-0.000755 0.001882 -0.000675 
-0.000701 0.001878 -0.000722 
-0.000701 0.001878 -0.000722 
-0.000679 0.001871 -0.000743 
-0.000621 0.001865 -0.000789 
-0.000621 0.001865 -0.000789 
-0.000603 0.001856 -0.000810 
-0.000554 0.001845 -0.000851 
-0.000554 0.001845 -0.000851 
-0.000523 0.001842 -0.000874 
-0.000473 0.001833 -0.000916 
-0.000473 0.001833 -0.000916 
-0.000448 0.001815 -0.000932 
-0.000401 0.001803 -0.000971 
-0.000401 0.001803 -0.000971 
-0.000374 0.001796 -0.000992 
-0.000331 0.001771 -0.001023 
-0.000331 0.001771 -0.001023 
-0.000302 0.001764 -0.001042 
-0.000257 0.001743 -0.001077 
-0.000257 0.001743 -0.001077 
-0.000230 0.001728 -0.001090 
-0.000176 0.001705 -0.001120 
-0.000176 0.001705 -0.001120 
-0.000158 0.001697 -0.001138 
-0.000108 0.001671 -0.001166 
-0.000108 0.001671 -0.001166 
-0.000089 0.001655 -0.001180 
-0.000038 0.001633 -0.001207 
-0.000038 0.001633 -0.001207 
-0.000007 0.001620 -0.001219 
0.000038 0.001591 -0.001243 
0.000038 0.001591 -0.001243 
0.000063 0.001580 -0.001256 
0.000109 0.001549 -0.001278 
0.000109 0.001549 -0.001278 
0.000126 0.001533 -0.001289 
0.000183 0.001501 -0.001304 
0.000183 0.001501 -0.001304 
0.000203 0.001487 -0.001315 
0.000245 0.001453 -0.001331 
0.000245 0.001453 -0.001331 
0.000268 0.001435 -0.001339 
0.000306 0.001407 -0.001362 
0.000306 0.001407 -0.001362 
0.000334 0.001391 -0.001367 
0.000375 0.001355 -0.001378 
0.000375 0.001355 -0.001378 
0.000386 0.001338 -0.001390 
0.000433 0.001304 -0.001400 
0.000433 0.001304 -0.001400 
0.000452 0.001286 -0.001404 
0.000490 0.001245 -0.001407 
0.000490 0.001245 -0.001407 
0.000517 0.001231 -0.001415 
0.000555 0.001195 -0.001423 
0.000555 0.001195 -0.001423 
0.000573 0.001175 -0.001426 
0.000615 0.001140 -0.001433 
0.000615 0.001140 -0.001433 
0.000633 0.001117 -0.001428 
0.000663 0.001080 -0.001432 
0.000663 0.001080 -0.001432 
0.000684 0.001063 -0.001437 
0.000722 0.001024 -0.001439 
0.000722 0.001024 -0.001439 
0.000740 0.001005 -0.001438 
0.000769 0.000968 -0.001443 
0.000769 0.000968 -0.001443 
0.000787 0.000948 -0.001444 
0.000826 0.000912 -0.001439 
0.000826 0.000912 -0.001439 
0.000842 0.000893 -0.001440 
0.000870 0.000853 -0.001435 
0.000870 0.000853 -0.001435 
0.000882 0.000832 -0.001430 
0.000914 0.000794 -0.001429 
0.000914 0.000794 -0.001429 
0.000923 0.000772 -0.001423 
0.000954 0.000737 -0.001423 
0.000954 0.000737 -0.001423 
0.000969 0.000715 -0.001417 
0.000995 0.000678 -0.001412 
0.000995 0.000678 -0.001412 
0.001013 0.000660 -0.001410 
0.001034 0.000620 -0.001397 
0.001034 0.000620 -0.001397 
0.001044 0.000597 -0.001384 
0.001075 0.000561 -0.001376 
0.001075 0.000561 -0.001376 
0.001080 0.000543 -0.001377 
0.001106 0.000502 -0.001359 
0.001106 0.000502 -0.001359 
0.001115 0.000484 -0.001357 
0.001134 0.000445 -0.001340 
0.001134 0.000445 -0.001340 
0.001149 0.000426 -0.001336 
0.001162 0.000390 -0.001325 
0.001162 0.000390 -0.001325 
0.001176 0.000370 -0.001317 
0.001192 0.000333 -0.001305 
0.001192 0.000333 -0.001305 
0.001202 0.000315 -0.001296 
0.001219 0.000280 -0.001286 
0.001219 0.000280 -0.001286 
0.001227 0.000261 -0.001274 
0.001241 0.000224 -0.001256 
0.001241 0.000224 -0.001256 
0.001250 0.000206 -0.001251 
0.001268 0.000171 -0.001228 
0.001268 0.000171 -0.001228 
0.001275 0.000153 -0.001221 
0.001284 0.000117 -0.001206 
0.001284 0.000117 -0.001206 
0.001294 0.000101 -0.001198 
0.001307 0.000065 -0.001181 
0.001307 0.000065 -0.001181 
0.001312 0.000049 -0.001167 
0.001323 0.000015 -0.001152 
0.001323 0.000015 -0.001152 
0.001328 -0.000002 -0.001141 
0.001341 -0.000035 -0.001126 
0.001341 -0.000035 -0.001126 
0.001340 -0.000053 -0.001111 
0.001353 -0.000083 -0.001090 
0.001353 -0.000083 -0.001090 
0.001351 -0.000100 -0.001081 
0.001360 -0.000133 -0.001063 
0.001360 -0.000133 -0.001063 
0.001358 -0.000148 -0.001049 
0.001373 -0.000180 -0.001020 
0.001373 -0.000180 -0.001020 
0.001370 -0.000195 -0.001016 
0.001377 -0.000225 -0.000997 
0.001377 -0.000225 -0.000997 
0.001381 -0.000241 -0.000978 
0.001387 -0.000272 -0.000962 
0.001387 -0.000272 -0.000962 
0.001386 -0.000285 -0.000951 
0.001388 -0.000314 -0.000916 
0.001388 -0.000314 -0.000916 
0.001391 -0.000330 -0.000916 
0.001399 -0.000357 -0.000886 
0.001399 -0.000357 -0.000886 
0.001394 -0.000372 -0.000880 
0.001403 -0.000400 -0.000849 
0.001403 -0.000400 -0.000849 
0.001390 -0.000412 -0.000843 
0.001403 -0.000440 -0.000818 
0.001403 -0.000440 -0.000818 
0.001397 -0.000454 -0.000812 
0.001397 -0.000480 -0.000784 
0.001397 -0.000480 -0.000784 
0.001402 -0.000493 -0.000771 
0.001400 -0.000520 -0.000751 
0.001400 -0.000520 -0.000751 
0.001392 -0.000529 -0.000733 
0.001393 -0.000555 -0.000711 
0.001393 -0.000555 -0.000711 
0.001391 -0.000566 -0.000698 
0.001391 -0.000592 -0.000675 
0.001391 -0.000592 -0.000675 
0.001382 -0.000600 -0.000661 
0.001388 -0.000626 -0.000635 
0.001388 -0.000626 -0.000635 
0.001386 -0.000639 -0.000633 
0.001376 -0.000658 -0.000604 
0.001376 -0.000658 -0.000604 
0.001374 -0.000667 -0.000581 
0.001366 -0.000689 -0.000560 
0.001366 -0.000689 -0.000560 
0.001369 -0.000701 -0.000546 
0.001368 -0.000725 -0.000524 
0.001368 -0.000725 -0.000524 
0.001354 -0.000733 -0.000517 
0.001358 -0.000754 -0.000486 
0.001358 -0.000754 -0.000486 
0.001346 -0.000761 -0.000475 
0.001346 -0.000784 -0.000452 
0.001346 -0.000784 -0.000452 
0.001332 -0.000789 -0.000441 
0.001330 -0.000806 -0.000409 
0.001330 -0.000806 -0.000409 
0.001330 -0.000819 -0.000399 
0.001318 -0.000834 -0.000371 
0.001318 -0.000834 -0.000371 
0.001312 -0.000841 -0.000361 
0.001306 -0.000861 -0.000339 
0.001306 -0.000861 -0.000339 
0.001301 -0.000868 -0.000326 
0.001289 -0.000885 -0.000306 
0.001289 -0.000885 -0.000306 
0.001284 -0.000893 -0.000296 
0.001275 -0.000909 -0.000271 
0.001275 -0.000909 -0.000271 
0.001273 -0.000916 -0.000254 
0.001259 -0.000928 -0.000226 
0.001259 -0.000928 -0.000226 
0.001252 -0.000934 -0.000217 
0.001237 -0.000943 -0.000191 
0.001237 -0.000943 -0.000191 
0.001237 -0.000956 -0.000182 
0.001229 -0.000970 -0.000157 
0.001229 -0.000970 -0.000157 
0.001224 -0.000978 -0.000148 
0.001208 -0.000985 -0.000121 
0.001208 -0.000985 -0.000121 
0.001202 -0.000993 -0.000110 
0.001184 -0.001000 -0.000088 
0.001184 -0.001000 -0.000088 
0.001179 -0.001006 -0.000076 
0.001168 -0.001018 -0.000049 
0.001168 -0.001018 -0.000049 
0.001162 -0.001023 -0.000041 
0.001156 -0.001038 -0.000016 
0.001156 -0.001038 -0.000016 
0.001143 -0.001040 -0.000007 
0.001128 -0.001048 0.000016 
0.001128 -0.001048 0.000016 
0.001123 -0.001051 0.000031 
0.001108 -0.001065 0.000044 
0.001108 -0.001065 0.000044 
0.001103 -0.001066 0.000062 
0.001091 -0.001076 0.000086 
0.001091 -0.001076 0.000086 
0.001083 -0.001078 0.000097 
0.001069 -0.001084 0.000119 
0.001069 -0.001084 0.000119 
0.001065 -0.001094 0.000127 
0.001043 -0.001095 0.000146 
0.001043 -0.001095 0.000146 
0.001037 -0.001095 0.000162 
0.001019 -0.001102 0.000178 
0.001019 -0.001102 0.000178 
0.001014 -0.001102 0.000193 
0.001006 -0.001115 0.000217 
0.001006 -0.001115 0.000217 
0.000995 -0.001112 0.000230 
0.000981 -0.001123 0.000244 
0.000981 -0.001123 0.000244 
0.000977 -0.001129 0.000258 
0.000956 -0.001127 0.000274 
0.000956 -0.001127 0.000274 
0.000949 -0.001126 0.000290 
0.000933 -0.001139 0.000300 
0.000933 -0.001139 0.000300 
0.000930 -0.001135 0.000322 
0.000908 -0.001137 0.000335 
0.000908 -0.001137 0.000335 
0.000900 -0.001141 0.000341 
0.000883 -0.001138 0.000363 
0.000883 -0.001138 0.000363 
0.000876 -0.001145 0.000371 
0.000864 -0.001144 0.000397 
0.000864 -0.001144 0.000397 
0.000853 -0.001142 0.000404 
0.000838 -0.001150 0.000422 
0.000838 -0.001150 0.000422 
0.000830 -0.001145 0.000435 
0.000812 -0.001145 0.000450 
0.000812 -0.001145 0.000450 
0.000802 -0.001151 0.000453 
0.000787 -0.001146 0.000476 
0.000787 -0.001146 0.000476 
0.000784 -0.001152 0.000487 
0.000765 -0.001148 0.000505 
0.000765 -0.001148 0.000505 
0.000754 -0.001144 0.000514 
0.000649 -0.001309 0.000271 
0.000649 -0.001309 0.000271 
0.000647 -0.001313 0.000289 
0.000625 -0.001315 0.000297 
0.000625 -0.001315 0.000297 
0.000620 -0.001315 0.000314 
0.000789 -0.001527 0.000545 
0.000789 -0.001527 0.000545 
0.000774 -0.001523 0.000558 
0.000748 -0.001514 0.000583 
0.000748 -0.001514 0.000583 
0.000736 -0.001510 0.000600 
0.000709 -0.001516 0.000620 
0.000709 -0.001516 0.000620 
0.000697 -0.001516 0.000635 
0.000671 -0.001507 0.000660 
0.000671 -0.001507 0.000660 
0.000655 -0.001504 0.000667 
0.000635 -0.001505 0.000698 
0.000635 -0.001505 0.000698 
0.000620 -0.001501 0.000709 
0.000596 -0.001499 0.000737 
0.000596 -0.001499 0.000737 
0.000582 -0.001495 0.000747 
0.000558 -0.001488 0.000772 
0.000558 -0.001488 0.000772 
0.000543 -0.001481 0.000781 
0.000519 -0.001478 0.000804 
0.000519 -0.001478 0.000804 
0.000506 -0.001477 0.000814 
0.000480 -0.001459 0.000837 
0.000480 -0.001459 0.000837 
0.000469 -0.001465 0.000849 
0.000443 -0.001453 0.000869 
0.000443 -0.001453 0.000869 
0.000429 -0.001442 0.000876 
0.000404 -0.001440 0.000896 
0.000404 -0.001440 0.000896 
0.000394 -0.001440 0.000911 
0.000369 -0.001419 0.000932 
0.000369 -0.001419 0.000932 
0.000353 -0.001417 0.000935 
0.000328 -0.001406 0.000956 
0.000328 -0.001406 0.000956 
0.000317 -0.001400 0.000970 
0.000293 -0.001391 0.000990 
0.000293 -0.001391 0.000990 
0.000280 -0.001394 0.001000 
0.000257 -0.001367 0.001016 
0.000257 -0.001367 0.001016 
0.000244 -0.001366 0.001024 
0.000221 -0.001351 0.001048 
0.000221 -0.001351 0.001048 
0.000209 -0.001338 0.001050 
0.000183 -0.001328 0.001066 
0.000183 -0.001328 0.001066 
0.000168 -0.001321 0.001064 
0.000148 -0.001308 0.001092 
0.000148 -0.001308 0.001092 
0.000137 -0.001297 0.001098 
0.000113 -0.001287 0.001117 
0.000113 -0.001287 0.001117 
0.000102 -0.001279 0.001127 
0.000077 -0.001265 0.001137 
0.000077 -0.001265 0.001137 
0.000062 -0.001261 0.001138 
0.000042 -0.001239 0.001159 
0.000042 -0.001239 0.001159 
0.000032 -0.001228 0.001165 
0.000010 -0.001213 0.001176 
0.000010 -0.001213 0.001176 
-0.000002 -0.001202 0.001184 
-0.000023 -0.001181 0.001199 
-0.000023 -0.001181 0.001199 
-0.000038 -0.001180 0.001202 
-0.000057 -0.001152 0.001212 
-0.000057 -0.001152 0.001212 
-0.000070 -0.001155 0.001220 
