-4.366276730262e+05 -7.886078600732e+05 6.846055900239e+06
-4.433126291225e+05 -7.849032998460e+05 6.846052054602e+06
-4.499965213030e+05 -7.811968377738e+05 6.846040042584e+06
-4.566793414632e+05 -7.774884783531e+05 6.846019864198e+06
-4.633610837710e+05 -7.737782247246e+05 6.845991519469e+06
-4.700417355747e+05 -7.700660840909e+05 6.845955008428e+06
-4.767212910567e+05 -7.663520596189e+05 6.845910331116e+06
-4.833997421204e+05 -7.626361558187e+05 6.845857487585e+06
-4.900770806711e+05 -7.589183772038e+05 6.845796477894e+06
-4.967532986158e+05 -7.551987282907e+05 6.845727302114e+06
-5.034283878638e+05 -7.514772135998e+05 6.845649960321e+06
-5.101023403261e+05 -7.477538376543e+05 6.845564452605e+06
-5.167751500986e+05 -7.440286034648e+05 6.845470779062e+06
-5.234468047196e+05 -7.403015185742e+05 6.845368939799e+06
-5.301172982999e+05 -7.365725860192e+05 6.845258934933e+06
-5.367866227584e+05 -7.328418103364e+05 6.845140764587e+06
-5.434547700160e+05 -7.291091960660e+05 6.845014428896e+06
-5.501217319958e+05 -7.253747477511e+05 6.844879928004e+06
-5.567875006226e+05 -7.216384699383e+05 6.844737262064e+06
-5.634520699295e+05 -7.179003655244e+05 6.844586431238e+06
-5.701154276223e+05 -7.141604423491e+05 6.844427435698e+06
-5.767775677491e+05 -7.104187033354e+05 6.844260275624e+06
-5.834384822429e+05 -7.066751530429e+05 6.844084951206e+06
-5.900981630388e+05 -7.029297960347e+05 6.843901462644e+06
-5.967566020741e+05 -6.991826368768e+05 6.843709810146e+06
-6.034137912879e+05 -6.954336801389e+05 6.843509993931e+06
-6.100697246509e+05 -6.916829286037e+05 6.843302014225e+06
-6.167243900368e+05 -6.879303904076e+05 6.843085871265e+06
-6.233777814315e+05 -6.841760683593e+05 6.842861565297e+06
-6.300298907825e+05 -6.804199670414e+05 6.842629096575e+06
-6.366807100394e+05 -6.766620910396e+05 6.842388465365e+06
-6.433302311542e+05 -6.729024449428e+05 6.842139671940e+06
-6.499784460806e+05 -6.691410333432e+05 6.841882716582e+06
-6.566253467748e+05 -6.653778608362e+05 6.841617599584e+06
-6.632709271361e+05 -6.616129300745e+05 6.841344321248e+06
-6.699151752315e+05 -6.578462495322e+05 6.841062881884e+06
-6.765580849757e+05 -6.540778218880e+05 6.840773281812e+06
-6.831996483335e+05 -6.503076517501e+05 6.840475521362e+06
-6.898398572715e+05 -6.465357437299e+05 6.840169600872e+06
-6.964787037589e+05 -6.427621024420e+05 6.839855520690e+06
-7.031161797669e+05 -6.389867325043e+05 6.839533281173e+06
-7.097522791325e+05 -6.352096364553e+05 6.839202882689e+06
-7.163869900930e+05 -6.314308230644e+05 6.838864325611e+06
-7.230203065011e+05 -6.276502948961e+05 6.838517610327e+06
-7.296522203368e+05 -6.238680565809e+05 6.838162737229e+06
-7.362827235824e+05 -6.200841127524e+05 6.837799706722e+06
-7.429118082225e+05 -6.162984680474e+05 6.837428519218e+06
-7.495394662439e+05 -6.125111271059e+05 6.837049175140e+06
-7.561656896357e+05 -6.087220945710e+05 6.836661674919e+06
-7.627904721640e+05 -6.049313728510e+05 6.836266018995e+06
-7.694138022618e+05 -6.011389710516e+05 6.835862207820e+06
-7.760356737110e+05 -5.973448916070e+05 6.835450241851e+06
-7.826560785096e+05 -5.935491391728e+05 6.835030121559e+06
-7.892750086582e+05 -5.897517184078e+05 6.834601847419e+06
-7.958924561596e+05 -5.859526339738e+05 6.834165419921e+06
-8.025084130188e+05 -5.821518905358e+05 6.833720839560e+06
-8.091228729402e+05 -5.783494903883e+05 6.833268106841e+06
-8.157358245288e+05 -5.745454429305e+05 6.832807222281e+06
-8.223472615047e+05 -5.707397504824e+05 6.832338186402e+06
-8.289571758825e+05 -5.669324177214e+05 6.831860999740e+06
-8.355655596789e+05 -5.631234493280e+05 6.831375662836e+06
-8.421724049132e+05 -5.593128499857e+05 6.830882176242e+06
-8.487777036071e+05 -5.555006243812e+05 6.830380540521e+06
-8.553814477847e+05 -5.516867772042e+05 6.829870756242e+06
-8.619836310796e+05 -5.478713106184e+05 6.829352823986e+06
-8.685842422949e+05 -5.440542343583e+05 6.828826744341e+06
-8.751832750803e+05 -5.402355506131e+05 6.828292517907e+06
-8.817807214696e+05 -5.364152640848e+05 6.827750145292e+06
-8.883765734989e+05 -5.325933794784e+05 6.827199627111e+06
-8.949708232066e+05 -5.287699015018e+05 6.826640963992e+06
-9.015634626339e+05 -5.249448348662e+05 6.826074156570e+06
-9.081544853532e+05 -5.211181816212e+05 6.825499205490e+06
-9.147438803413e+05 -5.172899517934e+05 6.824916111406e+06
-9.213316411869e+05 -5.134601474578e+05 6.824324874982e+06
-9.279177599407e+05 -5.096287733375e+05 6.823725496890e+06
-9.345022286563e+05 -5.057958341588e+05 6.823117977812e+06
-9.410850393896e+05 -5.019613346508e+05 6.822502318439e+06
-9.476661841989e+05 -4.981252795456e+05 6.821878519473e+06
-9.542456565954e+05 -4.942876707788e+05 6.821246581622e+06
-9.608234457309e+05 -4.904485186684e+05 6.820606505606e+06
-9.673995451329e+05 -4.866078251752e+05 6.819958292154e+06
-9.739739468698e+05 -4.827655950434e+05 6.819301942002e+06
-9.805466430128e+05 -4.789218330200e+05 6.818637455898e+06
-9.871176256355e+05 -4.750765438551e+05 6.817964834597e+06
-9.936868868139e+05 -4.712297323017e+05 6.817284078866e+06
-1.000254418627e+06 -4.673814031159e+05 6.816595189479e+06
-1.006820214516e+06 -4.635315581026e+05 6.815898167220e+06
-1.013384263833e+06 -4.596802079124e+05 6.815193012881e+06
-1.019946560037e+06 -4.558273543753e+05 6.814479727267e+06
-1.026507095216e+06 -4.519730022592e+05 6.813758311188e+06
-1.033065861463e+06 -4.481171563348e+05 6.813028765465e+06
-1.039622850871e+06 -4.442598213757e+05 6.812291090929e+06
-1.046178055538e+06 -4.404010021585e+05 6.811545288419e+06
-1.052731468844e+06 -4.365407003740e+05 6.810791358784e+06
-1.059283080319e+06 -4.326789269627e+05 6.810029302883e+06
-1.065832883359e+06 -4.288156836404e+05 6.809259121582e+06
-1.072380870072e+06 -4.249509751953e+05 6.808480815758e+06
-1.078927032569e+06 -4.210848064185e+05 6.807694386297e+06
-1.085471362963e+06 -4.172171821041e+05 6.806899834095e+06
-1.092013853369e+06 -4.133481070489e+05 6.806097160055e+06
-1.098554495906e+06 -4.094775860526e+05 6.805286365092e+06
-1.105093283884e+06 -4.056056206758e+05 6.804467450128e+06
-1.111630207036e+06 -4.017322221890e+05 6.803640416096e+06
-1.118165258691e+06 -3.978573921779e+05 6.802805263937e+06
-1.124698430977e+06 -3.939811354535e+05 6.801961994602e+06
-1.131229716026e+06 -3.901034568300e+05 6.801110609050e+06
-1.137759105973e+06 -3.862243611243e+05 6.800251108252e+06
-1.144286592956e+06 -3.823438531563e+05 6.799383493185e+06
-1.150812170225e+06 -3.784619343723e+05 6.798507764838e+06
-1.157335827691e+06 -3.745786163311e+05 6.797623924207e+06
-1.163857558622e+06 -3.706939005041e+05 6.796731972299e+06
-1.170377355166e+06 -3.668077917221e+05 6.795831910129e+06
-1.176895209476e+06 -3.629202948193e+05 6.794923738722e+06
-1.183411113704e+06 -3.590314146323e+05 6.794007459112e+06
-1.189925060009e+06 -3.551411560007e+05 6.793083072343e+06
-1.196437041581e+06 -3.512495202567e+05 6.792150579467e+06
-1.202947048510e+06 -3.473565192466e+05 6.791209981546e+06
-1.209455074004e+06 -3.434621543273e+05 6.790261279651e+06
-1.215961110230e+06 -3.395664303496e+05 6.789304474863e+06
-1.222465149362e+06 -3.356693521669e+05 6.788339568270e+06
-1.228967183572e+06 -3.317709246355e+05 6.787366560973e+06
-1.235467205038e+06 -3.278711526145e+05 6.786385454078e+06
-1.241965205941e+06 -3.239700409656e+05 6.785396248703e+06
-1.248461179401e+06 -3.200675908907e+05 6.784398945976e+06
-1.254955115715e+06 -3.161638145636e+05 6.783393547031e+06
-1.261447008023e+06 -3.122587132105e+05 6.782380053013e+06
-1.267936848516e+06 -3.083522917044e+05 6.781358465078e+06
-1.274424629388e+06 -3.044445549207e+05 6.780328784389e+06
-1.280910342838e+06 -3.005355077378e+05 6.779291012118e+06
-1.287393981065e+06 -2.966251550366e+05 6.778245149448e+06
-1.293875537133e+06 -2.927134979048e+05 6.777191197570e+06
-1.300355001518e+06 -2.888005488019e+05 6.776129157685e+06
-1.306832367299e+06 -2.848863088400e+05 6.775059031001e+06
-1.313307626691e+06 -2.809707829110e+05 6.773980818740e+06
-1.319780771906e+06 -2.770539759095e+05 6.772894522127e+06
-1.326251795165e+06 -2.731358927326e+05 6.771800142403e+06
-1.332720688689e+06 -2.692165382803e+05 6.770697680812e+06
-1.339187444701e+06 -2.652959174552e+05 6.769587138611e+06
-1.345652056197e+06 -2.613740312146e+05 6.768468517066e+06
-1.352114513861e+06 -2.574508923435e+05 6.767341817450e+06
-1.358574810705e+06 -2.535265018235e+05 6.766207041048e+06
-1.365032938967e+06 -2.496008645678e+05 6.765064189152e+06
-1.371488890884e+06 -2.456739854925e+05 6.763913263065e+06
-1.377942658701e+06 -2.417458695160e+05 6.762754264099e+06
-1.384394234662e+06 -2.378165215598e+05 6.761587193573e+06
-1.390843611704e+06 -2.338859424671e+05 6.760412052818e+06
-1.397290780693e+06 -2.299541453067e+05 6.759228843173e+06
-1.403735734583e+06 -2.260211309461e+05 6.758037565986e+06
-1.410178465631e+06 -2.220869043171e+05 6.756838222615e+06
-1.416618966099e+06 -2.181514703541e+05 6.755630814427e+06
-1.423057228251e+06 -2.142148339942e+05 6.754415342798e+06
-1.429493244355e+06 -2.102770001770e+05 6.753191809113e+06
-1.435927006680e+06 -2.063379738447e+05 6.751960214767e+06
-1.442358508096e+06 -2.023977557105e+05 6.750720561163e+06
-1.448787739679e+06 -1.984563591662e+05 6.749472849715e+06
-1.455214694315e+06 -1.945137849492e+05 6.748217081845e+06
-1.461639364288e+06 -1.905700380120e+05 6.746953258983e+06
-1.468061741883e+06 -1.866251233097e+05 6.745681382572e+06
-1.474481819390e+06 -1.826790458001e+05 6.744401454060e+06
-1.480899589103e+06 -1.787318104435e+05 6.743113474908e+06
-1.487315043829e+06 -1.747834178393e+05 6.741817446582e+06
-1.493728174831e+06 -1.708338816610e+05 6.740513370562e+06
-1.500138974937e+06 -1.668832025319e+05 6.739201248333e+06
-1.506547436451e+06 -1.629313854226e+05 6.737881081391e+06
-1.512953551683e+06 -1.589784353060e+05 6.736552871243e+06
-1.519357312944e+06 -1.550243571578e+05 6.735216619402e+06
-1.525758712551e+06 -1.510691559560e+05 6.733872327392e+06
-1.532157743253e+06 -1.471128321862e+05 6.732519996745e+06
-1.538554396498e+06 -1.431553998028e+05 6.731159629005e+06
-1.544948665055e+06 -1.391968593153e+05 6.729791225721e+06
-1.551340541252e+06 -1.352372157116e+05 6.728414788456e+06
-1.557730017420e+06 -1.312764739826e+05 6.727030318778e+06
-1.564117085896e+06 -1.273146391212e+05 6.725637818266e+06
-1.570501739017e+06 -1.233517161231e+05 6.724237288509e+06
-1.576883969126e+06 -1.193877099863e+05 6.722828731104e+06
-1.583263768906e+06 -1.154226210664e+05 6.721412147658e+06
-1.589641130017e+06 -1.114564636379e+05 6.719987539786e+06
-1.596016045161e+06 -1.074892380797e+05 6.718554909113e+06
-1.602388506694e+06 -1.035209494000e+05 6.717114257274e+06
-1.608758506973e+06 -9.955160260908e+04 6.715665585911e+06
-1.615126038362e+06 -9.558120271980e+04 6.714208896678e+06
-1.621491093225e+06 -9.160975474747e+04 6.712744191236e+06
-1.627853664189e+06 -8.763725893393e+04 6.711271471257e+06
-1.634213743099e+06 -8.366372983242e+04 6.709790738420e+06
-1.640571322600e+06 -7.968916770831e+04 6.708301994415e+06
-1.646926395072e+06 -7.571357758661e+04 6.706805240940e+06
-1.653278952896e+06 -7.173696449472e+04 6.705300479704e+06
-1.659628988458e+06 -6.775933346246e+04 6.703787712422e+06
-1.665976494148e+06 -6.378068952205e+04 6.702266940823e+06
-1.672321462358e+06 -5.980103770811e+04 6.700738166640e+06
-1.678663885649e+06 -5.582037813268e+04 6.699201391618e+06
-1.685003756081e+06 -5.183872566646e+04 6.697656617512e+06
-1.691341066233e+06 -4.785608044487e+04 6.696103846084e+06
-1.697675808511e+06 -4.387244751206e+04 6.694543079106e+06
-1.704007975326e+06 -3.988783191454e+04 6.692974318360e+06
-1.710337559091e+06 -3.590223870117e+04 6.691397565636e+06
-1.716664552223e+06 -3.191567292318e+04 6.689812822733e+06
-1.722988947225e+06 -2.792813457917e+04 6.688220091462e+06
-1.729310736346e+06 -2.393963881649e+04 6.686619373639e+06
-1.735629912107e+06 -1.995018565696e+04 6.685010671092e+06
-1.741946466939e+06 -1.595978016118e+04 6.683393985658e+06
-1.748260393277e+06 -1.196842739207e+04 6.681769319182e+06
-1.754571683561e+06 -7.976132414874e+03 6.680136673519e+06
-1.760880330230e+06 -3.982900297159e+03 6.678496050532e+06
-1.767186325732e+06 1.126907586026e+01 6.676847452096e+06
-1.773489662504e+06 4.006360281195e+03 6.675190880092e+06
-1.779790333010e+06 8.002373410522e+03 6.673526336413e+06
-1.786088329706e+06 1.199930338707e+04 6.671853822957e+06
-1.792383645053e+06 1.599714513180e+04 6.670173341637e+06
-1.798676271513e+06 1.999589356336e+04 6.668484894369e+06
-1.804966201555e+06 2.399554359813e+04 6.666788483084e+06
-1.811253427649e+06 2.799609015022e+04 6.665084109717e+06
-1.817537942175e+06 3.199753346386e+04 6.663371776217e+06
-1.823819737788e+06 3.599985780230e+04 6.661651484537e+06
-1.830098806888e+06 4.000306338681e+04 6.659923236644e+06
-1.836375141959e+06 4.400714512249e+04 6.658187034511e+06
-1.842648735491e+06 4.801209791217e+04 6.656442880122e+06
-1.848919579977e+06 5.201791665646e+04 6.654690775468e+06
-1.855187667913e+06 5.602459625374e+04 6.652930722552e+06
-1.861452991624e+06 6.003213706138e+04 6.651162723384e+06
-1.867715543953e+06 6.404052306926e+04 6.649386779984e+06
-1.873975317244e+06 6.804975461193e+04 6.647602894381e+06
-1.880232304008e+06 7.205982657891e+04 6.645811068613e+06
-1.886486496761e+06 7.607073385753e+04 6.644011304727e+06
-1.892737888021e+06 8.008247133289e+04 6.642203604780e+06
-1.898986470310e+06 8.409503388792e+04 6.640387970838e+06
-1.905232236156e+06 8.810841640337e+04 6.638564404976e+06
-1.911475177818e+06 9.212261936574e+04 6.636732909276e+06
-1.917715288358e+06 9.613762645376e+04 6.634893485833e+06
-1.923952560055e+06 1.001534381313e+05 6.633046136748e+06
-1.930186985452e+06 1.041700492704e+05 6.631190864134e+06
-1.936418557093e+06 1.081874547410e+05 6.629327670110e+06
-1.942647267527e+06 1.122056494108e+05 6.627456556806e+06
-1.948873109307e+06 1.162246281454e+05 6.625577526361e+06
-1.955096074638e+06 1.202443915443e+05 6.623690580923e+06
-1.961316156772e+06 1.242649230151e+05 6.621795722650e+06
-1.967533347935e+06 1.282862231347e+05 6.619892953706e+06
-1.973747640693e+06 1.323082867603e+05 6.617982276269e+06
-1.979959027619e+06 1.363311087468e+05 6.616063692521e+06
-1.986167501289e+06 1.403546839471e+05 6.614137204657e+06
-1.992373054282e+06 1.443790072120e+05 6.612202814880e+06
-1.998575679183e+06 1.484040733902e+05 6.610260525401e+06
-2.004775368132e+06 1.524298832100e+05 6.608310338442e+06
-2.010972114603e+06 1.564564197706e+05 6.606352256233e+06
-2.017165910755e+06 1.604836837780e+05 6.604386281012e+06
-2.023356749189e+06 1.645116700726e+05 6.602412415029e+06
-2.029544622507e+06 1.685403734927e+05 6.600430660541e+06
-2.035729523316e+06 1.725697888745e+05 6.598441019814e+06
-2.041911444229e+06 1.765999110523e+05 6.596443495125e+06
-2.048090377329e+06 1.806307408669e+05 6.594438088758e+06
-2.054266316284e+06 1.846622611489e+05 6.592424803007e+06
-2.060439253199e+06 1.886944727172e+05 6.590403640176e+06
-2.066609180701e+06 1.927273703977e+05 6.588374602576e+06
-2.072776091420e+06 1.967609490145e+05 6.586337692530e+06
-2.078939977993e+06 2.007952033896e+05 6.584292912366e+06
-2.085100833057e+06 2.048301283429e+05 6.582240264426e+06
-2.091258648643e+06 2.088657248278e+05 6.580179751058e+06
-2.097413418611e+06 2.129019754076e+05 6.578111374619e+06
-2.103565135012e+06 2.169388810135e+05 6.576035137476e+06
-2.109713790501e+06 2.209764364576e+05 6.573951042006e+06
-2.115859377736e+06 2.250146365498e+05 6.571859090594e+06
-2.122001889382e+06 2.290534760983e+05 6.569759285633e+06
-2.128141318104e+06 2.330929499091e+05 6.567651629528e+06
-2.134277656575e+06 2.371330527863e+05 6.565536124689e+06
-2.140410896761e+06 2.411737858116e+05 6.563412773540e+06
-2.146541032747e+06 2.452151312440e+05 6.561281578511e+06
-2.152668056519e+06 2.492570901434e+05 6.559142542041e+06
-2.158791960765e+06 2.532996573061e+05 6.556995666579e+06
-2.164912738177e+06 2.573428275265e+05 6.554840954582e+06
-2.171030381451e+06 2.613865955970e+05 6.552678408519e+06
-2.177144883286e+06 2.654309563081e+05 6.550508030865e+06
-2.183256235596e+06 2.694759108539e+05 6.548329824105e+06
-2.189364432659e+06 2.735214412282e+05 6.546143790733e+06
-2.195469466408e+06 2.775675486033e+05 6.543949933253e+06
-2.201571329560e+06 2.816142277620e+05 6.541748254177e+06
-2.207670014835e+06 2.856614734854e+05 6.539538756027e+06
-2.213765514959e+06 2.897092805526e+05 6.537321441332e+06
-2.219857822660e+06 2.937576437409e+05 6.535096312634e+06
-2.225946930671e+06 2.978065578256e+05 6.532863372479e+06
-2.232032830845e+06 3.018560241287e+05 6.530622623427e+06
-2.238115517682e+06 3.059060243428e+05 6.528374068044e+06
-2.244194983055e+06 3.099565597682e+05 6.526117708905e+06
-2.250271219713e+06 3.140076251730e+05 6.523853548597e+06
-2.256344220411e+06 3.180592153233e+05 6.521581589712e+06
-2.262413977907e+06 3.221113249832e+05 6.519301834855e+06
-2.268480484965e+06 3.261639489153e+05 6.517014286636e+06
-2.274543733382e+06 3.302170885533e+05 6.514718947679e+06
-2.280603717855e+06 3.342707253274e+05 6.512415820611e+06
-2.286660430203e+06 3.383248606501e+05 6.510104908074e+06
-2.292713863205e+06 3.423794892763e+05 6.507786212715e+06
-2.298764009647e+06 3.464346059596e+05 6.505459737193e+06
-2.304810862315e+06 3.504902054514e+05 6.503125484173e+06
-2.310854414004e+06 3.545462825015e+05 6.500783456330e+06
-2.316894656457e+06 3.586028386553e+05 6.498433656351e+06
-2.322931584569e+06 3.626598550820e+05 6.496076086928e+06
-2.328965190105e+06 3.667173333057e+05 6.493710750764e+06
-2.334995465874e+06 3.707752680690e+05 6.491337650571e+06
-2.341022404692e+06 3.748336541128e+05 6.488956789069e+06
-2.347045999376e+06 3.788924861765e+05 6.486568168989e+06
-2.353066242751e+06 3.829517589973e+05 6.484171793070e+06
-2.359083127642e+06 3.870114673111e+05 6.481767664058e+06
-2.365096645736e+06 3.910716127905e+05 6.479355784712e+06
-2.371106792150e+06 3.951321763078e+05 6.476936157798e+06
-2.377113558589e+06 3.991931595147e+05 6.474508786089e+06
-2.383116937900e+06 4.032545571400e+05 6.472073672371e+06
-2.389116922930e+06 4.073163639107e+05 6.469630819436e+06
-2.395113506534e+06 4.113785745522e+05 6.467180230087e+06
-2.401106681570e+06 4.154411837882e+05 6.464721907134e+06
-2.407096439670e+06 4.195041934027e+05 6.462255853399e+06
-2.413082776150e+06 4.235675840096e+05 6.459782071709e+06
-2.419065682663e+06 4.276313573719e+05 6.457300564903e+06
-2.425045152086e+06 4.316955082067e+05 6.454811335829e+06
-2.431021177298e+06 4.357600312291e+05 6.452314387343e+06
-2.436993751184e+06 4.398249211530e+05 6.449809722310e+06
-2.442962866634e+06 4.438901726902e+05 6.447297343603e+06
-2.448928516542e+06 4.479557805512e+05 6.444777254107e+06
-2.454890692480e+06 4.520217466469e+05 6.442249456714e+06
-2.460849389991e+06 4.560880512975e+05 6.439713954325e+06
-2.466804600669e+06 4.601546963930e+05 6.437170749850e+06
-2.472756317425e+06 4.642216766375e+05 6.434619846208e+06
-2.478704533176e+06 4.682889867331e+05 6.432061246328e+06
-2.484649240842e+06 4.723566213805e+05 6.429494953147e+06
-2.490590433350e+06 4.764245752787e+05 6.426920969611e+06
-2.496528102221e+06 4.804928504496e+05 6.424339298676e+06
-2.502462243195e+06 4.845614269576e+05 6.421749943305e+06
-2.508392847814e+06 4.886303068040e+05 6.419152906473e+06
-2.514319909023e+06 4.926994846815e+05 6.416548191160e+06
-2.520243419770e+06 4.967689552813e+05 6.413935800359e+06
-2.526163373008e+06 5.008387132929e+05 6.411315737070e+06
-2.532079761695e+06 5.049087534043e+05 6.408688004301e+06
-2.537992578792e+06 5.089790703020e+05 6.406052605071e+06
-2.543901815761e+06 5.130496661345e+05 6.403409542406e+06
-2.549807468574e+06 5.171205206755e+05 6.400758819344e+06
-2.555709528711e+06 5.211916360531e+05 6.398100438929e+06
-2.561607989155e+06 5.252630069475e+05 6.395434404215e+06
-2.567502842890e+06 5.293346280376e+05 6.392760718265e+06
-2.573394082908e+06 5.334064940008e+05 6.390079384151e+06
-2.579281702201e+06 5.374785995128e+05 6.387390404953e+06
-2.585165692182e+06 5.415509468325e+05 6.384693783763e+06
-2.591046049020e+06 5.456235154809e+05 6.381989523678e+06
-2.596922764148e+06 5.496963076967e+05 6.379277627807e+06
-2.602795830578e+06 5.537693181497e+05 6.376558099265e+06
-2.608665241328e+06 5.578425415084e+05 6.373830941180e+06
-2.614530989423e+06 5.619159724396e+05 6.371096156685e+06
-2.620393067890e+06 5.659896056088e+05 6.368353748924e+06
-2.626251468088e+06 5.700634433852e+05 6.365603721050e+06
-2.632106186388e+06 5.741374650383e+05 6.362846076224e+06
-2.637957214172e+06 5.782116729172e+05 6.360080817616e+06
-2.643804544486e+06 5.822860616815e+05 6.357307948407e+06
-2.649648170381e+06 5.863606259897e+05 6.354527471783e+06
-2.655488084914e+06 5.904353604985e+05 6.351739390943e+06
-2.661324281146e+06 5.945102598633e+05 6.348943709092e+06
-2.667156752143e+06 5.985853187383e+05 6.346140429446e+06
-2.672985489207e+06 6.026605396182e+05 6.343329555229e+06
-2.678810488939e+06 6.067359014871e+05 6.340511089673e+06
-2.684631742662e+06 6.108114068199e+05 6.337685036021e+06
-2.690449243461e+06 6.148870502650e+05 6.334851397523e+06
-2.696262984426e+06 6.189628264696e+05 6.332010177439e+06
-2.702072958653e+06 6.230387300795e+05 6.329161379038e+06
-2.707879159240e+06 6.271147557390e+05 6.326305005596e+06
-2.713681577441e+06 6.311909060526e+05 6.323441060402e+06
-2.719480210057e+06 6.352671597560e+05 6.320569546749e+06
-2.725275048361e+06 6.393435194341e+05 6.317690467942e+06
-2.731066085473e+06 6.434199797258e+05 6.314803827295e+06
-2.736853314518e+06 6.474965352689e+05 6.311909628130e+06
-2.742636728623e+06 6.515731806997e+05 6.309007873776e+06
-2.748416320924e+06 6.556499106532e+05 6.306098567575e+06
-2.754192084558e+06 6.597267197631e+05 6.303181712875e+06
-2.759964010722e+06 6.638036107593e+05 6.300257313034e+06
-2.765732096447e+06 6.678805620951e+05 6.297325371418e+06
-2.771496332952e+06 6.719575764808e+05 6.294385891402e+06
-2.777256713394e+06 6.760346485450e+05 6.291438876372e+06
-2.783013230938e+06 6.801117729149e+05 6.288484329719e+06
-2.788765878752e+06 6.841889442165e+05 6.285522254847e+06
-2.794514650009e+06 6.882661570746e+05 6.282552655166e+06
-2.800259535856e+06 6.923434143283e+05 6.279575534097e+06
-2.806000533528e+06 6.964206941856e+05 6.276590895067e+06
-2.811737634193e+06 7.004979994662e+05 6.273598741514e+06
-2.817470831044e+06 7.045753247898e+05 6.270599076885e+06
-2.823200117280e+06 7.086526647750e+05 6.267591904635e+06
-2.828925486105e+06 7.127300140391e+05 6.264577228228e+06
-2.834646930727e+06 7.168073671983e+05 6.261555051138e+06
-2.840364444359e+06 7.208847188674e+05 6.258525376846e+06
-2.846078018092e+06 7.249620720101e+05 6.255488208842e+06
-2.851787649393e+06 7.290394045556e+05 6.252443550628e+06
-2.857493329375e+06 7.331167194485e+05 6.249391405710e+06
-2.863195051271e+06 7.371940112989e+05 6.246331777606e+06
-2.868892808320e+06 7.412712747156e+05 6.243264669844e+06
-2.874586593767e+06 7.453485043066e+05 6.240190085956e+06
-2.880276400859e+06 7.494256946783e+05 6.237108029488e+06
-2.885962220641e+06 7.535028489031e+05 6.234018503992e+06
-2.891644050780e+06 7.575799446681e+05 6.230921513030e+06
-2.897321882343e+06 7.616569850267e+05 6.227817060172e+06
-2.902995708598e+06 7.657339645809e+05 6.224705148996e+06
-2.908665522820e+06 7.698108779316e+05 6.221585783092e+06
-2.914331318289e+06 7.738877196785e+05 6.218458966056e+06
-2.919993088290e+06 7.779644844204e+05 6.215324701494e+06
-2.925650823818e+06 7.820411753380e+05 6.212182993019e+06
-2.931304522744e+06 7.861177698776e+05 6.209033844256e+06
-2.936954176088e+06 7.901942712014e+05 6.205877258837e+06
-2.942599777153e+06 7.942706739036e+05 6.202713240402e+06
-2.948241319252e+06 7.983469725774e+05 6.199541792601e+06
-2.953878795699e+06 8.024231618148e+05 6.196362919093e+06
-2.959512199816e+06 8.064992362069e+05 6.193176623545e+06
-2.965141524929e+06 8.105751903436e+05 6.189982909633e+06
-2.970766761980e+06 8.146510275296e+05 6.186781781042e+06
-2.976387909073e+06 8.187267249377e+05 6.183573241466e+06
-2.982004957172e+06 8.228022858540e+05 6.180357294607e+06
-2.987617899625e+06 8.268777048642e+05 6.177133944178e+06
-2.993226729783e+06 8.309529765532e+05 6.173903193897e+06
-2.998831441005e+06 8.350280955045e+05 6.170665047493e+06
-3.004432026654e+06 8.391030563011e+05 6.167419508705e+06
-3.010028477624e+06 8.431778623554e+05 6.164166581279e+06
-3.015620792224e+06 8.472524906027e+05 6.160906268970e+06
-3.021208961371e+06 8.513269444373e+05 6.157638575542e+06
-3.026792978450e+06 8.554012184379e+05 6.154363504768e+06
-3.032372836849e+06 8.594753071822e+05 6.151081060428e+06
-3.037948529964e+06 8.635492052470e+05 6.147791246315e+06
-3.043520051195e+06 8.676229072082e+05 6.144494066226e+06
-3.049087393947e+06 8.716964076404e+05 6.141189523970e+06
-3.054650549061e+06 8.757697100796e+05 6.137877623362e+06
-3.060209515081e+06 8.798427911913e+05 6.134558368229e+06
-3.065764282871e+06 8.839156544929e+05 6.131231762405e+06
-3.071314845857e+06 8.879882945556e+05 6.127897809731e+06
-3.076861197471e+06 8.920607059495e+05 6.124556514061e+06
-3.082403331152e+06 8.961328832438e+05 6.121207879253e+06
-3.087941240342e+06 9.002048210069e+05 6.117851909178e+06
-3.093474915837e+06 9.042765228820e+05 6.114488607712e+06
-3.099004356385e+06 9.083479653002e+05 6.111117978743e+06
-3.104529552803e+06 9.124191518867e+05 6.107740026166e+06
-3.110050498556e+06 9.164900772062e+05 6.104354753884e+06
-3.115567187115e+06 9.205607358227e+05 6.100962165810e+06
-3.121079611955e+06 9.246311222991e+05 6.097562265866e+06
-3.126587766556e+06 9.287012311975e+05 6.094155057982e+06
-3.132091641669e+06 9.327710662683e+05 6.090740546096e+06
-3.137591236248e+06 9.368406037098e+05 6.087318734157e+06
-3.143086541063e+06 9.409098472547e+05 6.083889626120e+06
-3.148577549619e+06 9.449787914616e+05 6.080453225951e+06
-3.154064255424e+06 9.490474308885e+05 6.077009537622e+06
-3.159546651991e+06 9.531157600925e+05 6.073558565117e+06
-3.165024732840e+06 9.571837736298e+05 6.070100312427e+06
-3.170498491495e+06 9.612514660558e+05 6.066634783550e+06
-3.175967918655e+06 9.653188412432e+05 6.063161982497e+06
-3.181433013508e+06 9.693858751262e+05 6.059681913283e+06
-3.186893766776e+06 9.734525715595e+05 6.056194579934e+06
-3.192350172004e+06 9.775189250956e+05 6.052699986486e+06
-3.197802222746e+06 9.815849302860e+05 6.049198136981e+06
-3.203249912559e+06 9.856505816814e+05 6.045689035471e+06
-3.208693235008e+06 9.897158738318e+05 6.042172686017e+06
-3.214132180745e+06 9.937808107164e+05 6.038649092687e+06
-3.219566749165e+06 9.978453680399e+05 6.035118259560e+06
-3.224996930945e+06 1.001909549764e+06 6.031580190723e+06
-3.230422719670e+06 1.005973350436e+06 6.028034890269e+06
-3.235844108932e+06 1.010036764601e+06 6.024482362304e+06
-3.241261092328e+06 1.014099786807e+06 6.020922610939e+06
-3.246673663461e+06 1.018162411596e+06 6.017355640296e+06
-3.252081815939e+06 1.022224633514e+06 6.013781454504e+06
-3.257485540366e+06 1.026286456662e+06 6.010200057702e+06
-3.262884836370e+06 1.030347856483e+06 6.006611454037e+06
-3.268279694580e+06 1.034408837061e+06 6.003015647665e+06
-3.273670108624e+06 1.038469392937e+06 5.999412642749e+06
-3.279056072141e+06 1.042529518653e+06 5.995802443464e+06
-3.284437578771e+06 1.046589208748e+06 5.992185053990e+06
-3.289814622165e+06 1.050648457762e+06 5.988560478517e+06
-3.295187192880e+06 1.054707269902e+06 5.984928721245e+06
-3.300555290753e+06 1.058765620385e+06 5.981289786381e+06
-3.305918906367e+06 1.062823513401e+06 5.977643678140e+06
-3.311278033392e+06 1.066880943488e+06 5.973990400748e+06
-3.316632665506e+06 1.070937905181e+06 5.970329958438e+06
-3.321982796389e+06 1.074994393017e+06 5.966662355451e+06
-3.327328419732e+06 1.079050401530e+06 5.962987596039e+06
-3.332669529226e+06 1.083105925255e+06 5.959305684459e+06
-3.338006115383e+06 1.087160968518e+06 5.955616624981e+06
-3.343338178274e+06 1.091215506284e+06 5.951920421879e+06
-3.348665708433e+06 1.095269542860e+06 5.948217079439e+06
-3.353988699578e+06 1.099323072781e+06 5.944506601955e+06
-3.359307145430e+06 1.103376090578e+06 5.940788993727e+06
-3.364621039718e+06 1.107428590781e+06 5.937064259068e+06
-3.369930376176e+06 1.111480567921e+06 5.933332402295e+06
-3.375235145272e+06 1.115532026431e+06 5.929593427737e+06
-3.380535347284e+06 1.119582941050e+06 5.925847339729e+06
-3.385830972705e+06 1.123633316195e+06 5.922094142618e+06
-3.391122015291e+06 1.127683146393e+06 5.918333840755e+06
-3.396408468806e+06 1.131732426173e+06 5.914566438503e+06
-3.401690327018e+06 1.135781150063e+06 5.910791940233e+06
-3.406967583703e+06 1.139829312588e+06 5.907010350323e+06
-3.412240229287e+06 1.143876918286e+06 5.903221673161e+06
-3.417508264255e+06 1.147923941678e+06 5.899425913143e+06
-3.422771679056e+06 1.151970387283e+06 5.895623074674e+06
-3.428030467490e+06 1.156016249626e+06 5.891813162167e+06
-3.433284623359e+06 1.160061523233e+06 5.887996180044e+06
-3.438534140476e+06 1.164106202627e+06 5.884172132734e+06
-3.443779012655e+06 1.168150282331e+06 5.880341024677e+06
-3.449019233720e+06 1.172193756870e+06 5.876502860321e+06
-3.454254794047e+06 1.176236630899e+06 5.872657644119e+06
-3.459485694360e+06 1.180278878689e+06 5.868805380538e+06
-3.464711925061e+06 1.184320504879e+06 5.864946074050e+06
-3.469933479995e+06 1.188361503992e+06 5.861079729136e+06
-3.475150353014e+06 1.192401870547e+06 5.857206350286e+06
-3.480362537976e+06 1.196441599067e+06 5.853325941999e+06
-3.485570028745e+06 1.200480684071e+06 5.849438508781e+06
-3.490772815657e+06 1.204519130321e+06 5.845544055147e+06
-3.495970899643e+06 1.208556911868e+06 5.841642585621e+06
-3.501164271063e+06 1.212594033458e+06 5.837734104736e+06
-3.506352923805e+06 1.216630489610e+06 5.833818617033e+06
-3.511536851763e+06 1.220666274841e+06 5.829896127060e+06
-3.516716048836e+06 1.224701383671e+06 5.825966639376e+06
-3.521890508931e+06 1.228735810616e+06 5.822030158545e+06
-3.527060225959e+06 1.232769550195e+06 5.818086689145e+06
-3.532225190210e+06 1.236802607287e+06 5.814136235756e+06
-3.537385402853e+06 1.240834955698e+06 5.810178802971e+06
-3.542540854201e+06 1.244866600293e+06 5.806214395390e+06
-3.547691538190e+06 1.248897535588e+06 5.802243017620e+06
-3.552837448763e+06 1.252927756098e+06 5.798264674281e+06
-3.557978579868e+06 1.256957256339e+06 5.794279369995e+06
-3.563114925459e+06 1.260986030827e+06 5.790287109398e+06
-3.568246475785e+06 1.265014084546e+06 5.786287897131e+06
-3.573373232224e+06 1.269041391086e+06 5.782281737845e+06
-3.578495185049e+06 1.273067955418e+06 5.778268636199e+06
-3.583612328238e+06 1.277093772055e+06 5.774248596861e+06
-3.588724655777e+06 1.281118835511e+06 5.770221624507e+06
-3.593832161657e+06 1.285143140300e+06 5.766187723820e+06
-3.598934839874e+06 1.289166680935e+06 5.762146899493e+06
-3.604032680639e+06 1.293189462504e+06 5.758099156228e+06
-3.609125685536e+06 1.297211458387e+06 5.754044498735e+06
-3.614213844800e+06 1.301232673656e+06 5.749982931730e+06
-3.619297152452e+06 1.305253102823e+06 5.745914459941e+06
-3.624375602521e+06 1.309272740401e+06 5.741839088101e+06
-3.629449189040e+06 1.313291580903e+06 5.737756820955e+06
-3.634517906050e+06 1.317309618841e+06 5.733667663253e+06
-3.639581747597e+06 1.321326848726e+06 5.729571619756e+06
-3.644640703847e+06 1.325343275763e+06 5.725468695231e+06
-3.649694776623e+06 1.329358873094e+06 5.721358894456e+06
-3.654743956113e+06 1.333373645907e+06 5.717242222214e+06
-3.659788236390e+06 1.337387588714e+06 5.713118683300e+06
-3.664827611531e+06 1.341400696027e+06 5.708988282515e+06
-3.669862075620e+06 1.345412962356e+06 5.704851024669e+06
-3.674891622748e+06 1.349424382212e+06 5.700706914581e+06
-3.679916243040e+06 1.353434960903e+06 5.696555957077e+06
-3.684935938529e+06 1.357444671362e+06 5.692398156992e+06
-3.689950699365e+06 1.361453518881e+06 5.688233519169e+06
-3.694960519664e+06 1.365461497971e+06 5.684062048461e+06
-3.699965393546e+06 1.369468603141e+06 5.679883749726e+06
-3.704965315141e+06 1.373474828903e+06 5.675698627835e+06
-3.709960278582e+06 1.377480169768e+06 5.671506687663e+06
-3.714950278011e+06 1.381484620244e+06 5.667307934095e+06
-3.719935303509e+06 1.385488185757e+06 5.663102372025e+06
-3.724915357347e+06 1.389490839004e+06 5.658890006353e+06
-3.729890429632e+06 1.393492585394e+06 5.654670841991e+06
-3.734860514531e+06 1.397493419438e+06 5.650444883857e+06
-3.739825606215e+06 1.401493335645e+06 5.646212136876e+06
-3.744785698864e+06 1.405492328525e+06 5.641972605983e+06
-3.749740786661e+06 1.409490392590e+06 5.637726296122e+06
-3.754690859653e+06 1.413487533365e+06 5.633473212245e+06
-3.759635920319e+06 1.417483723342e+06 5.629213359309e+06
-3.764575958727e+06 1.421478968034e+06 5.624946742285e+06
-3.769510969090e+06 1.425473261951e+06 5.620673366147e+06
-3.774440945623e+06 1.429466599603e+06 5.616393235880e+06
-3.779365882551e+06 1.433458975500e+06 5.612106356477e+06
-3.784285774103e+06 1.437450384152e+06 5.607812732938e+06
-3.789200614515e+06 1.441440820071e+06 5.603512370274e+06
-3.794110393791e+06 1.445430288897e+06 5.599205273501e+06
-3.799015114648e+06 1.449418762893e+06 5.594891447645e+06
-3.803914767114e+06 1.453406247687e+06 5.590570897739e+06
-3.808809345451e+06 1.457392737789e+06 5.586243628827e+06
-3.813698843927e+06 1.461378227710e+06 5.581909645959e+06
-3.818583256817e+06 1.465362711961e+06 5.577568954192e+06
-3.823462578404e+06 1.469346185053e+06 5.573221558594e+06
-3.828336798652e+06 1.473328652728e+06 5.568867464240e+06
-3.833205920491e+06 1.477310087050e+06 5.564506676213e+06
-3.838069933909e+06 1.481290493746e+06 5.560139199605e+06
-3.842928833216e+06 1.485269867328e+06 5.555765039515e+06
-3.847782612724e+06 1.489248202308e+06 5.551384201051e+06
-3.852631266755e+06 1.493225493197e+06 5.546996689329e+06
-3.857474789636e+06 1.497201734508e+06 5.542602509473e+06
-3.862313171297e+06 1.501176932084e+06 5.538201666617e+06
-3.867146414874e+06 1.505151057789e+06 5.533794165899e+06
-3.871974510323e+06 1.509124117452e+06 5.529380012469e+06
-3.876797451996e+06 1.513096105587e+06 5.524959211485e+06
-3.881615234254e+06 1.517067016705e+06 5.520531768110e+06
-3.886427851463e+06 1.521036845320e+06 5.516097687519e+06
-3.891235297997e+06 1.525005585946e+06 5.511656974892e+06
-3.896037568235e+06 1.528973233096e+06 5.507209635419e+06
-3.900834652067e+06 1.532939792728e+06 5.502755674299e+06
-3.905626552869e+06 1.536905236481e+06 5.498295096736e+06
-3.910413260555e+06 1.540869570300e+06 5.493827907945e+06
-3.915194769531e+06 1.544832788699e+06 5.489354113148e+06
-3.919971074210e+06 1.548794886194e+06 5.484873717575e+06
-3.924742169012e+06 1.552755857298e+06 5.480386726464e+06
-3.929508048363e+06 1.556715696528e+06 5.475893145062e+06
-3.934268702116e+06 1.560674409942e+06 5.471392978624e+06
-3.939024133859e+06 1.564631968984e+06 5.466886232412e+06
-3.943774333470e+06 1.568588379699e+06 5.462372911697e+06
-3.948519295401e+06 1.572543636603e+06 5.457853021757e+06
-3.953259014113e+06 1.576497734213e+06 5.453326567881e+06
-3.957993484072e+06 1.580450667047e+06 5.448793555362e+06
-3.962722699750e+06 1.584402429622e+06 5.444253989505e+06
-3.967446655629e+06 1.588353016455e+06 5.439707875620e+06
-3.972165341521e+06 1.592302433719e+06 5.435155219026e+06
-3.976878761254e+06 1.596250652638e+06 5.430596025052e+06
-3.981586904665e+06 1.600197679371e+06 5.426030299032e+06
-3.986289766263e+06 1.604143508437e+06 5.421458046309e+06
-3.990987340560e+06 1.608088134355e+06 5.416879272237e+06
-3.995679622076e+06 1.612031551647e+06 5.412293982173e+06
-4.000366605339e+06 1.615973754831e+06 5.407702181487e+06
-4.005048280130e+06 1.619914750180e+06 5.403103875553e+06
-4.009724650483e+06 1.623854508726e+06 5.398499069755e+06
-4.014395706204e+06 1.627793036730e+06 5.393887769485e+06
-4.019061441847e+06 1.631730328711e+06 5.389269980142e+06
-4.023721851974e+06 1.635666379194e+06 5.384645707136e+06
-4.028376931151e+06 1.639601182700e+06 5.380014955880e+06
-4.033026673954e+06 1.643534733753e+06 5.375377731800e+06
-4.037671070129e+06 1.647467038723e+06 5.370734040327e+06
-4.042310123922e+06 1.651398068455e+06 5.366083886901e+06
-4.046943825104e+06 1.655327829307e+06 5.361427276970e+06
-4.051572168279e+06 1.659256315804e+06 5.356764215989e+06
-4.056195148053e+06 1.663183522471e+06 5.352094709422e+06
-4.060812759044e+06 1.667109443834e+06 5.347418762742e+06
-4.065424995873e+06 1.671034074421e+06 5.342736381427e+06
-4.070031853170e+06 1.674957408758e+06 5.338047570966e+06
-4.074633320645e+06 1.678879453327e+06 5.333352336854e+06
-4.079229402781e+06 1.682800178762e+06 5.328650684595e+06
-4.083820089314e+06 1.686719591531e+06 5.323942619701e+06
-4.088405374901e+06 1.690637686164e+06 5.319228147691e+06
-4.092985254206e+06 1.694554457191e+06 5.314507274092e+06
-4.097559721899e+06 1.698469899142e+06 5.309780004441e+06
-4.102128772657e+06 1.702384006548e+06 5.305046344279e+06
-4.106692396161e+06 1.706296785989e+06 5.300306299160e+06
-4.111250597100e+06 1.710208207913e+06 5.295559874641e+06
-4.115803365181e+06 1.714118278889e+06 5.290807076291e+06
-4.120350695107e+06 1.718026993449e+06 5.286047909683e+06
-4.124892581591e+06 1.721934346127e+06 5.281282380402e+06
-4.129429019353e+06 1.725840331457e+06 5.276510494038e+06
-4.133960003118e+06 1.729744943976e+06 5.271732256189e+06
-4.138485527621e+06 1.733648178217e+06 5.266947672463e+06
-4.143005582504e+06 1.737550040873e+06 5.262156748473e+06
-4.147520172697e+06 1.741450502184e+06 5.257359489843e+06
-4.152029287869e+06 1.745349568830e+06 5.252555902202e+06
-4.156532922782e+06 1.749247235347e+06 5.247745991189e+06
-4.161031072203e+06 1.753143496276e+06 5.242929762450e+06
-4.165523730908e+06 1.757038346156e+06 5.238107221638e+06
-4.170010893679e+06 1.760931779527e+06 5.233278374416e+06
-4.174492550128e+06 1.764823803177e+06 5.228443226452e+06
-4.178968705395e+06 1.768714387167e+06 5.223601783425e+06
-4.183439349119e+06 1.772603538272e+06 5.218754051020e+06
-4.187904476108e+06 1.776491251037e+06 5.213900034929e+06
-4.192364081181e+06 1.780377520005e+06 5.209039740854e+06
-4.196818159163e+06 1.784262339720e+06 5.204173174503e+06
-4.201266704885e+06 1.788145704728e+06 5.199300341594e+06
-4.205709713186e+06 1.792027609574e+06 5.194421247849e+06
-4.210147173643e+06 1.795908061157e+06 5.189535899002e+06
-4.214579091637e+06 1.799787029335e+06 5.184644300793e+06
-4.219005456769e+06 1.803664520993e+06 5.179746458969e+06
-4.223426263906e+06 1.807540530681e+06 5.174842379285e+06
-4.227841507924e+06 1.811415052949e+06 5.169932067506e+06
-4.232251183704e+06 1.815288082347e+06 5.165015529402e+06
-4.236655286134e+06 1.819159613427e+06 5.160092770753e+06
-4.241053804762e+06 1.823029653184e+06 5.155163797344e+06
-4.245446745177e+06 1.826898171298e+06 5.150228614970e+06
-4.249834096951e+06 1.830765174752e+06 5.145287229434e+06
-4.254215855002e+06 1.834630658102e+06 5.140339646546e+06
-4.258592014255e+06 1.838494615902e+06 5.135385872122e+06
-4.262962569641e+06 1.842357042710e+06 5.130425911989e+06
-4.267327516098e+06 1.846217933081e+06 5.125459771980e+06
-4.271686843146e+06 1.850077294108e+06 5.120487457935e+06
-4.276040556582e+06 1.853935095296e+06 5.115508975703e+06
-4.280388645949e+06 1.857791343726e+06 5.110524331141e+06
-4.284731106216e+06 1.861646033956e+06 5.105533530112e+06
-4.289067932358e+06 1.865499160550e+06 5.100536578489e+06
-4.293399119356e+06 1.869350718070e+06 5.095533482149e+06
-4.297724662201e+06 1.873200701079e+06 5.090524246982e+06
-4.302044555888e+06 1.877049104141e+06 5.085508878881e+06
-4.306358789904e+06 1.880895934456e+06 5.080487383749e+06
-4.310667370284e+06 1.884741161334e+06 5.075459767496e+06
-4.314970286541e+06 1.888584791964e+06 5.070426036039e+06
-4.319267533700e+06 1.892426820913e+06 5.065386195305e+06
-4.323559106793e+06 1.896267242752e+06 5.060340251227e+06
-4.327845000862e+06 1.900106052048e+06 5.055288209745e+06
-4.332125210954e+06 1.903943243375e+06 5.050230076808e+06
-4.336399726526e+06 1.907778824025e+06 5.045165858371e+06
-4.340668553824e+06 1.911612763140e+06 5.040095560399e+06
-4.344931682331e+06 1.915445068003e+06 5.035019188863e+06
-4.349189107124e+06 1.919275733188e+06 5.029936749742e+06
-4.353440823288e+06 1.923104753273e+06 5.024848249023e+06
-4.357686825913e+06 1.926932122834e+06 5.019753692699e+06
-4.361927110099e+06 1.930757836448e+06 5.014653086772e+06
-4.366161670951e+06 1.934581888696e+06 5.009546437252e+06
-4.370390497897e+06 1.938404286978e+06 5.004433750156e+06
-4.374613597420e+06 1.942225000244e+06 4.999315031509e+06
-4.378830958972e+06 1.946044035886e+06 4.994190287342e+06
-4.383042577689e+06 1.949861388487e+06 4.989059523695e+06
-4.387248448714e+06 1.953677052632e+06 4.983922746615e+06
-4.391448567197e+06 1.957491022905e+06 4.978779962158e+06
-4.395642928297e+06 1.961303293894e+06 4.973631176386e+06
-4.399831521413e+06 1.965113873094e+06 4.968476395369e+06
-4.404014353237e+06 1.968922729289e+06 4.963315625183e+06
-4.408191413195e+06 1.972729869965e+06 4.958148871915e+06
-4.412362696475e+06 1.976535289714e+06 4.952976141657e+06
-4.416528198271e+06 1.980338983126e+06 4.947797440508e+06
-4.420687913787e+06 1.984140944796e+06 4.942612774577e+06
-4.424841838231e+06 1.987941169317e+06 4.937422149979e+06
-4.428989960977e+06 1.991739664279e+06 4.932225572836e+06
-4.433132288927e+06 1.995536398304e+06 4.927023049278e+06
-4.437268811479e+06 1.999331378969e+06 4.921814585443e+06
-4.441399523874e+06 2.003124600876e+06 4.916600187476e+06
-4.445524421358e+06 2.006916058622e+06 4.911379861529e+06
-4.449643499186e+06 2.010705746811e+06 4.906153613763e+06
-4.453756752621e+06 2.014493660045e+06 4.900921450346e+06
-4.457864176931e+06 2.018279792927e+06 4.895683377451e+06
-4.461965761462e+06 2.022064153153e+06 4.890439401262e+06
-4.466061513353e+06 2.025846709160e+06 4.885189527969e+06
-4.470151421972e+06 2.029627468634e+06 4.879933763768e+06
-4.474235482622e+06 2.033406426184e+06 4.874672114865e+06
-4.478313690608e+06 2.037183576420e+06 4.869404587472e+06
-4.482386041245e+06 2.040958913953e+06 4.864131187808e+06
-4.486452529856e+06 2.044732433396e+06 4.858851922101e+06
-4.490513145760e+06 2.048504142537e+06 4.853566796584e+06
-4.494567896305e+06 2.052274009653e+06 4.848275817500e+06
-4.498616770835e+06 2.056042042524e+06 4.842978991099e+06
-4.502659764704e+06 2.059808235768e+06 4.837676323635e+06
-4.506696873272e+06 2.063572584003e+06 4.832367821375e+06
-4.510728091905e+06 2.067335081850e+06 4.827053490588e+06
-4.514753415981e+06 2.071095723931e+06 4.821733337555e+06
-4.518772840881e+06 2.074854504868e+06 4.816407368560e+06
-4.522786355897e+06 2.078611432554e+06 4.811075589898e+06
-4.526793968615e+06 2.082366475090e+06 4.805738007869e+06
-4.530795668351e+06 2.086119640358e+06 4.800394628782e+06
-4.534791450519e+06 2.089870922989e+06 4.795045458952e+06
-4.538781310541e+06 2.093620317611e+06 4.789690504702e+06
-4.542765243845e+06 2.097367818855e+06 4.784329772362e+06
-4.546743245868e+06 2.101113421355e+06 4.778963268270e+06
-4.550715305877e+06 2.104857133094e+06 4.773590998770e+06
-4.554681431664e+06 2.108598922019e+06 4.768212970215e+06
-4.558641612525e+06 2.112338796105e+06 4.762829188965e+06
-4.562595843926e+06 2.116076749989e+06 4.757439661385e+06
-4.566544121341e+06 2.119812778313e+06 4.752044393850e+06
-4.570486440254e+06 2.123546875716e+06 4.746643392741e+06
-4.574422796154e+06 2.127279036842e+06 4.741236664447e+06
-4.578353184538e+06 2.131009256335e+06 4.735824215364e+06
-4.582277594650e+06 2.134737542282e+06 4.730406051894e+06
-4.586196034517e+06 2.138463862456e+06 4.724982180449e+06
-4.590108493409e+06 2.142188224937e+06 4.719552607445e+06
-4.594014966853e+06 2.145910624375e+06 4.714117339308e+06
-4.597915450386e+06 2.149631055421e+06 4.708676382470e+06
-4.601809939553e+06 2.153349512727e+06 4.703229743369e+06
-4.605698429904e+06 2.157065990950e+06 4.697777428453e+06
-4.609580910661e+06 2.160780498267e+06 4.692319444175e+06
-4.613457390057e+06 2.164493002300e+06 4.686855796997e+06
-4.617327857341e+06 2.168203511221e+06 4.681386493385e+06
-4.621192308094e+06 2.171912019690e+06 4.675911539817e+06
-4.625050737908e+06 2.175618522369e+06 4.670430942773e+06
-4.628903142380e+06 2.179323013922e+06 4.664944708745e+06
-4.632749517117e+06 2.183025489014e+06 4.659452844228e+06
-4.636589851318e+06 2.186725955915e+06 4.653955355727e+06
-4.640424153423e+06 2.190424382097e+06 4.648452249753e+06
-4.644252412659e+06 2.194120775824e+06 4.642943532824e+06
-4.648074624663e+06 2.197815131767e+06 4.637429211466e+06
-4.651890785079e+06 2.201507444597e+06 4.631909292212e+06
-4.655700889561e+06 2.205197708992e+06 4.626383781600e+06
-4.659504933770e+06 2.208885919626e+06 4.620852686179e+06
-4.663302913375e+06 2.212572071178e+06 4.615316012502e+06
-4.667094817549e+06 2.216256172020e+06 4.609773767130e+06
-4.670880654971e+06 2.219938189460e+06 4.604225956631e+06
-4.674660414843e+06 2.223618131861e+06 4.598672587582e+06
-4.678434092863e+06 2.227295993909e+06 4.593113666563e+06
-4.682201684740e+06 2.230971770290e+06 4.587549200165e+06
-4.685963186189e+06 2.234645455691e+06 4.581979194983e+06
-4.689718592936e+06 2.238317044803e+06 4.576403657623e+06
-4.693467894133e+06 2.241986546088e+06 4.570822594694e+06
-4.697211098665e+06 2.245653926708e+06 4.565236012814e+06
-4.700948195713e+06 2.249319195118e+06 4.559643918608e+06
-4.704679181031e+06 2.252982346015e+06 4.554046318707e+06
-4.708404050383e+06 2.256643374096e+06 4.548443219751e+06
-4.712122799541e+06 2.260302274063e+06 4.542834628386e+06
-4.715835424283e+06 2.263959040616e+06 4.537220551264e+06
-4.719541920397e+06 2.267613668459e+06 4.531600995044e+06
-4.723242277014e+06 2.271266166155e+06 4.525975966395e+06
-4.726936503253e+06 2.274916500707e+06 4.520345471990e+06
-4.730624588273e+06 2.278564680670e+06 4.514709518510e+06
-4.734306527892e+06 2.282210700756e+06 4.509068112642e+06
-4.737982317937e+06 2.285854555676e+06 4.503421261082e+06
-4.741651954244e+06 2.289496240145e+06 4.497768970531e+06
-4.745315432654e+06 2.293135748879e+06 4.492111247698e+06
-4.748972742281e+06 2.296773090529e+06 4.486448099298e+06
-4.752623892449e+06 2.300408231959e+06 4.480779532055e+06
-4.756268872297e+06 2.304041181813e+06 4.475105552698e+06
-4.759907677700e+06 2.307671934815e+06 4.469426167964e+06
-4.763540304541e+06 2.311300485690e+06 4.463741384595e+06
-4.767166748710e+06 2.314926829164e+06 4.458051209342e+06
-4.770787006107e+06 2.318550959968e+06 4.452355648963e+06
-4.774401065826e+06 2.322172886839e+06 4.446654710222e+06
-4.778008937396e+06 2.325792576506e+06 4.440948399889e+06
-4.781610609938e+06 2.329410037700e+06 4.435236724743e+06
-4.785206079383e+06 2.333025265158e+06 4.429519691569e+06
-4.788795341670e+06 2.336638253619e+06 4.423797307157e+06
-4.792378392746e+06 2.340248997823e+06 4.418069578307e+06
-4.795955228566e+06 2.343857492512e+06 4.412336511824e+06
-4.799525845094e+06 2.347463732431e+06 4.406598114521e+06
-4.803090231403e+06 2.351067726417e+06 4.400854393216e+06
-4.806648397257e+06 2.354669441046e+06 4.395105354735e+06
-4.810200331757e+06 2.358268885149e+06 4.389351005911e+06
-4.813746030898e+06 2.361866053479e+06 4.383591353583e+06
-4.817285490684e+06 2.365460940789e+06 4.377826404599e+06
-4.820818707126e+06 2.369053541836e+06 4.372056165811e+06
-4.824345676244e+06 2.372643851377e+06 4.366280644079e+06
-4.827866387095e+06 2.376231878338e+06 4.360499846269e+06
-4.831380849648e+06 2.379817589161e+06 4.354713779257e+06
-4.834889052985e+06 2.383400992766e+06 4.348922449920e+06
-4.838390993159e+06 2.386982083917e+06 4.343125865148e+06
-4.841886666230e+06 2.390560857385e+06 4.337324031833e+06
-4.845376068268e+06 2.394137307937e+06 4.331516956876e+06
-4.848859195348e+06 2.397711430348e+06 4.325704647185e+06
-4.852336043556e+06 2.401283219392e+06 4.319887109673e+06
-4.855806601930e+06 2.404852684090e+06 4.314064351261e+06
-4.859270880671e+06 2.408419790740e+06 4.308236378877e+06
-4.862728868844e+06 2.411984548357e+06 4.302403199455e+06
-4.866180562565e+06 2.415546951725e+06 4.296564819936e+06
-4.869625957962e+06 2.419106995629e+06 4.290721247267e+06
-4.873065051169e+06 2.422664674855e+06 4.284872488403e+06
-4.876497838326e+06 2.426219984192e+06 4.279018550305e+06
-4.879924308457e+06 2.429772932749e+06 4.273159439940e+06
-4.883344471966e+06 2.433323486695e+06 4.267295164282e+06
-4.886758317902e+06 2.436871655132e+06 4.261425730314e+06
-4.890165842441e+06 2.440417432858e+06 4.255551145021e+06
-4.893567041766e+06 2.443960814673e+06 4.249671415398e+06
