1.539112232018e-01 -9.065326533490e-01 -3.930774526535e-01
1.539114505807e-01 -9.065326132039e-01 -3.930774562065e-01
1.539116779693e-01 -9.065325730781e-01 -3.930774597113e-01
1.539119053676e-01 -9.065325329715e-01 -3.930774631677e-01
1.539121327754e-01 -9.065324928842e-01 -3.930774665759e-01
1.539123601929e-01 -9.065324528161e-01 -3.930774699357e-01
1.539125876198e-01 -9.065324127673e-01 -3.930774732472e-01
1.539128150563e-01 -9.065323727379e-01 -3.930774765103e-01
1.539130425023e-01 -9.065323327277e-01 -3.930774797250e-01
1.539132699578e-01 -9.065322927368e-01 -3.930774828914e-01
1.539134974227e-01 -9.065322527653e-01 -3.930774860092e-01
1.539137248970e-01 -9.065322128132e-01 -3.930774890787e-01
1.539139523807e-01 -9.065321728804e-01 -3.930774920997e-01
1.539141798737e-01 -9.065321329669e-01 -3.930774950722e-01
1.539144073760e-01 -9.065320930729e-01 -3.930774979962e-01
1.539146348877e-01 -9.065320531983e-01 -3.930775008717e-01
1.539148624086e-01 -9.065320133430e-01 -3.930775036986e-01
1.539150899388e-01 -9.065319735072e-01 -3.930775064770e-01
1.539153174781e-01 -9.065319336909e-01 -3.930775092069e-01
1.539155450267e-01 -9.065318938940e-01 -3.930775118881e-01
1.539157725844e-01 -9.065318541165e-01 -3.930775145207e-01
1.539160001512e-01 -9.065318143586e-01 -3.930775171048e-01
1.539162277271e-01 -9.065317746201e-01 -3.930775196401e-01
1.539164553121e-01 -9.065317349011e-01 -3.930775221268e-01
1.539166829061e-01 -9.065316952016e-01 -3.930775245648e-01
1.539169105092e-01 -9.065316555217e-01 -3.930775269542e-01
1.539171381212e-01 -9.065316158613e-01 -3.930775292948e-01
1.539173657422e-01 -9.065315762204e-01 -3.930775315867e-01
1.539175933721e-01 -9.065315365992e-01 -3.930775338298e-01
1.539178210109e-01 -9.065314969975e-01 -3.930775360242e-01
1.539180486586e-01 -9.065314574153e-01 -3.930775381697e-01
1.539182763151e-01 -9.065314178528e-01 -3.930775402665e-01
1.539185039804e-01 -9.065313783099e-01 -3.930775423145e-01
1.539187316545e-01 -9.065313387866e-01 -3.930775443136e-01
1.539189593374e-01 -9.065312992830e-01 -3.930775462638e-01
1.539191870289e-01 -9.065312597990e-01 -3.930775481652e-01
1.539194147292e-01 -9.065312203347e-01 -3.930775500177e-01
1.539196424382e-01 -9.065311808900e-01 -3.930775518213e-01
1.539198701558e-01 -9.065311414650e-01 -3.930775535760e-01
1.539200978820e-01 -9.065311020598e-01 -3.930775552818e-01
1.539203256168e-01 -9.065310626742e-01 -3.930775569385e-01
1.539205533601e-01 -9.065310233084e-01 -3.930775585463e-01
1.539207811120e-01 -9.065309839623e-01 -3.930775601052e-01
1.539210088724e-01 -9.065309446359e-01 -3.930775616150e-01
1.539212366412e-01 -9.065309053294e-01 -3.930775630758e-01
1.539214644185e-01 -9.065308660425e-01 -3.930775644875e-01
1.539216922042e-01 -9.065308267755e-01 -3.930775658502e-01
1.539219199983e-01 -9.065307875283e-01 -3.930775671638e-01
1.539221478007e-01 -9.065307483008e-01 -3.930775684283e-01
1.539223756115e-01 -9.065307090932e-01 -3.930775696438e-01
1.539226034305e-01 -9.065306699055e-01 -3.930775708101e-01
1.539228312579e-01 -9.065306307375e-01 -3.930775719272e-01
1.539230590934e-01 -9.065305915894e-01 -3.930775729952e-01
1.539232869372e-01 -9.065305524612e-01 -3.930775740141e-01
1.539235147892e-01 -9.065305133529e-01 -3.930775749837e-01
1.539237426493e-01 -9.065304742645e-01 -3.930775759041e-01
1.539239705175e-01 -9.065304351959e-01 -3.930775767754e-01
1.539241983939e-01 -9.065303961473e-01 -3.930775775973e-01
1.539244262783e-01 -9.065303571186e-01 -3.930775783701e-01
1.539246541707e-01 -9.065303181099e-01 -3.930775790935e-01
1.539248820712e-01 -9.065302791211e-01 -3.930775797677e-01
1.539251099796e-01 -9.065302401522e-01 -3.930775803926e-01
1.539253378960e-01 -9.065302012034e-01 -3.930775809682e-01
1.539255658203e-01 -9.065301622745e-01 -3.930775814944e-01
1.539257937525e-01 -9.065301233656e-01 -3.930775819713e-01
1.539260216926e-01 -9.065300844767e-01 -3.930775823989e-01
1.539262496405e-01 -9.065300456079e-01 -3.930775827770e-01
1.539264775962e-01 -9.065300067590e-01 -3.930775831058e-01
1.539267055597e-01 -9.065299679303e-01 -3.930775833851e-01
1.539269335310e-01 -9.065299291215e-01 -3.930775836151e-01
1.539271615100e-01 -9.065298903329e-01 -3.930775837956e-01
1.539273894966e-01 -9.065298515643e-01 -3.930775839266e-01
1.539276174910e-01 -9.065298128158e-01 -3.930775840082e-01
1.539278454929e-01 -9.065297740874e-01 -3.930775840403e-01
1.539280735025e-01 -9.065297353791e-01 -3.930775840229e-01
1.539283015197e-01 -9.065296966910e-01 -3.930775839559e-01
1.539285295444e-01 -9.065296580230e-01 -3.930775838395e-01
1.539287575766e-01 -9.065296193751e-01 -3.930775836735e-01
1.539289856163e-01 -9.065295807474e-01 -3.930775834580e-01
1.539292136635e-01 -9.065295421398e-01 -3.930775831928e-01
1.539294417181e-01 -9.065295035524e-01 -3.930775828781e-01
1.539296697801e-01 -9.065294649853e-01 -3.930775825138e-01
1.539298978495e-01 -9.065294264383e-01 -3.930775820999e-01
1.539301259262e-01 -9.065293879115e-01 -3.930775816363e-01
1.539303540103e-01 -9.065293494050e-01 -3.930775811231e-01
1.539305821016e-01 -9.065293109187e-01 -3.930775805603e-01
1.539308102002e-01 -9.065292724527e-01 -3.930775799477e-01
1.539310383061e-01 -9.065292340069e-01 -3.930775792855e-01
1.539312664191e-01 -9.065291955813e-01 -3.930775785736e-01
1.539314945393e-01 -9.065291571761e-01 -3.930775778119e-01
1.539317226666e-01 -9.065291187912e-01 -3.930775770005e-01
1.539319508011e-01 -9.065290804265e-01 -3.930775761394e-01
1.539321789427e-01 -9.065290420822e-01 -3.930775752285e-01
1.539324070913e-01 -9.065290037582e-01 -3.930775742679e-01
1.539326352469e-01 -9.065289654545e-01 -3.930775732574e-01
1.539328634095e-01 -9.065289271712e-01 -3.930775721972e-01
1.539330915791e-01 -9.065288889082e-01 -3.930775710871e-01
1.539333197557e-01 -9.065288506656e-01 -3.930775699272e-01
1.539335479391e-01 -9.065288124434e-01 -3.930775687175e-01
1.539337761294e-01 -9.065287742415e-01 -3.930775674579e-01
1.539340043266e-01 -9.065287360601e-01 -3.930775661485e-01
1.539342325306e-01 -9.065286978991e-01 -3.930775647891e-01
1.539344607414e-01 -9.065286597585e-01 -3.930775633799e-01
1.539346889590e-01 -9.065286216383e-01 -3.930775619208e-01
1.539349171833e-01 -9.065285835386e-01 -3.930775604117e-01
1.539351454143e-01 -9.065285454594e-01 -3.930775588527e-01
1.539353736520e-01 -9.065285074006e-01 -3.930775572438e-01
1.539356018964e-01 -9.065284693622e-01 -3.930775555848e-01
1.539358301473e-01 -9.065284313444e-01 -3.930775538760e-01
1.539360584049e-01 -9.065283933471e-01 -3.930775521171e-01
1.539362866690e-01 -9.065283553702e-01 -3.930775503082e-01
1.539365149396e-01 -9.065283174139e-01 -3.930775484493e-01
1.539367432168e-01 -9.065282794781e-01 -3.930775465404e-01
1.539369715004e-01 -9.065282415629e-01 -3.930775445814e-01
1.539371997904e-01 -9.065282036682e-01 -3.930775425724e-01
1.539374280869e-01 -9.065281657941e-01 -3.930775405134e-01
1.539376563898e-01 -9.065281279405e-01 -3.930775384042e-01
1.539378846990e-01 -9.065280901075e-01 -3.930775362449e-01
1.539381130145e-01 -9.065280522951e-01 -3.930775340356e-01
1.539383413364e-01 -9.065280145033e-01 -3.930775317761e-01
1.539385696645e-01 -9.065279767322e-01 -3.930775294665e-01
1.539387979988e-01 -9.065279389816e-01 -3.930775271068e-01
1.539390263394e-01 -9.065279012517e-01 -3.930775246969e-01
1.539392546862e-01 -9.065278635424e-01 -3.930775222369e-01
1.539394830391e-01 -9.065278258538e-01 -3.930775197266e-01
1.539397113981e-01 -9.065277881858e-01 -3.930775171662e-01
1.539399397632e-01 -9.065277505386e-01 -3.930775145556e-01
1.539401681344e-01 -9.065277129120e-01 -3.930775118948e-01
1.539403965116e-01 -9.065276753061e-01 -3.930775091837e-01
1.539406248948e-01 -9.065276377208e-01 -3.930775064224e-01
1.539408532840e-01 -9.065276001564e-01 -3.930775036109e-01
1.539410816791e-01 -9.065275626126e-01 -3.930775007491e-01
1.539413100802e-01 -9.065275250896e-01 -3.930774978370e-01
1.539415384871e-01 -9.065274875873e-01 -3.930774948746e-01
1.539417668999e-01 -9.065274501058e-01 -3.930774918620e-01
1.539419953185e-01 -9.065274126450e-01 -3.930774887990e-01
1.539422237430e-01 -9.065273752050e-01 -3.930774856857e-01
1.539424521731e-01 -9.065273377858e-01 -3.930774825221e-01
1.539426806091e-01 -9.065273003874e-01 -3.930774793081e-01
1.539429090507e-01 -9.065272630098e-01 -3.930774760438e-01
1.539431374981e-01 -9.065272256530e-01 -3.930774727291e-01
1.539433659511e-01 -9.065271883170e-01 -3.930774693641e-01
1.539435944097e-01 -9.065271510019e-01 -3.930774659486e-01
1.539438228739e-01 -9.065271137076e-01 -3.930774624828e-01
1.539440513436e-01 -9.065270764342e-01 -3.930774589666e-01
1.539442798189e-01 -9.065270391816e-01 -3.930774553999e-01
1.539445082997e-01 -9.065270019499e-01 -3.930774517828e-01
1.539447367860e-01 -9.065269647391e-01 -3.930774481152e-01
1.539449652777e-01 -9.065269275492e-01 -3.930774443973e-01
1.539451937749e-01 -9.065268903802e-01 -3.930774406288e-01
1.539454222774e-01 -9.065268532321e-01 -3.930774368099e-01
1.539456507853e-01 -9.065268161049e-01 -3.930774329405e-01
1.539458792985e-01 -9.065267789986e-01 -3.930774290205e-01
1.539461078170e-01 -9.065267419133e-01 -3.930774250501e-01
1.539463363408e-01 -9.065267048489e-01 -3.930774210292e-01
1.539465648698e-01 -9.065266678055e-01 -3.930774169577e-01
1.539467934041e-01 -9.065266307831e-01 -3.930774128357e-01
1.539470219435e-01 -9.065265937816e-01 -3.930774086632e-01
1.539472504881e-01 -9.065265568012e-01 -3.930774044401e-01
1.539474790377e-01 -9.065265198417e-01 -3.930774001664e-01
1.539477075925e-01 -9.065264829033e-01 -3.930773958422e-01
1.539479361524e-01 -9.065264459858e-01 -3.930773914673e-01
1.539481647172e-01 -9.065264090894e-01 -3.930773870419e-01
1.539483932871e-01 -9.065263722140e-01 -3.930773825659e-01
1.539486218620e-01 -9.065263353597e-01 -3.930773780392e-01
1.539488504418e-01 -9.065262985264e-01 -3.930773734619e-01
1.539490790265e-01 -9.065262617142e-01 -3.930773688340e-01
1.539493076161e-01 -9.065262249230e-01 -3.930773641554e-01
1.539495362105e-01 -9.065261881529e-01 -3.930773594262e-01
1.539497648098e-01 -9.065261514040e-01 -3.930773546463e-01
1.539499934139e-01 -9.065261146761e-01 -3.930773498157e-01
1.539502220227e-01 -9.065260779693e-01 -3.930773449345e-01
1.539504506363e-01 -9.065260412837e-01 -3.930773400025e-01
1.539506792546e-01 -9.065260046191e-01 -3.930773350198e-01
1.539509078776e-01 -9.065259679758e-01 -3.930773299865e-01
1.539511365052e-01 -9.065259313535e-01 -3.930773249024e-01
1.539513651374e-01 -9.065258947524e-01 -3.930773197676e-01
1.539515937742e-01 -9.065258581725e-01 -3.930773145820e-01
1.539518224156e-01 -9.065258216137e-01 -3.930773093457e-01
1.539520510615e-01 -9.065257850762e-01 -3.930773040586e-01
1.539522797119e-01 -9.065257485598e-01 -3.930772987207e-01
1.539525083668e-01 -9.065257120646e-01 -3.930772933321e-01
1.539527370261e-01 -9.065256755906e-01 -3.930772878927e-01
1.539529656899e-01 -9.065256391379e-01 -3.930772824025e-01
1.539531943580e-01 -9.065256027064e-01 -3.930772768615e-01
1.539534230305e-01 -9.065255662961e-01 -3.930772712697e-01
1.539536517072e-01 -9.065255299070e-01 -3.930772656270e-01
1.539538803883e-01 -9.065254935392e-01 -3.930772599336e-01
1.539541090737e-01 -9.065254571927e-01 -3.930772541893e-01
1.539543377632e-01 -9.065254208674e-01 -3.930772483941e-01
1.539545664570e-01 -9.065253845634e-01 -3.930772425481e-01
1.539547951549e-01 -9.065253482807e-01 -3.930772366512e-01
1.539550238570e-01 -9.065253120193e-01 -3.930772307035e-01
1.539552525632e-01 -9.065252757792e-01 -3.930772247048e-01
1.539554812735e-01 -9.065252395604e-01 -3.930772186553e-01
1.539557099879e-01 -9.065252033629e-01 -3.930772125549e-01
1.539559387062e-01 -9.065251671868e-01 -3.930772064036e-01
1.539561674286e-01 -9.065251310320e-01 -3.930772002014e-01
1.539563961549e-01 -9.065250948985e-01 -3.930771939482e-01
1.539566248852e-01 -9.065250587864e-01 -3.930771876441e-01
1.539568536194e-01 -9.065250226957e-01 -3.930771812891e-01
1.539570823574e-01 -9.065249866263e-01 -3.930771748832e-01
1.539573110993e-01 -9.065249505783e-01 -3.930771684263e-01
1.539575398450e-01 -9.065249145517e-01 -3.930771619184e-01
1.539577685945e-01 -9.065248785465e-01 -3.930771553596e-01
1.539579973477e-01 -9.065248425628e-01 -3.930771487498e-01
1.539582261047e-01 -9.065248066004e-01 -3.930771420890e-01
1.539584548654e-01 -9.065247706594e-01 -3.930771353772e-01
1.539586836297e-01 -9.065247347399e-01 -3.930771286144e-01
1.539589123977e-01 -9.065246988418e-01 -3.930771218007e-01
1.539591411693e-01 -9.065246629652e-01 -3.930771149359e-01
1.539593699444e-01 -9.065246271100e-01 -3.930771080201e-01
1.539595987231e-01 -9.065245912763e-01 -3.930771010533e-01
1.539598275054e-01 -9.065245554640e-01 -3.930770940354e-01
1.539600562911e-01 -9.065245196732e-01 -3.930770869665e-01
1.539602850802e-01 -9.065244839040e-01 -3.930770798465e-01
1.539605138728e-01 -9.065244481562e-01 -3.930770726755e-01
1.539607426688e-01 -9.065244124299e-01 -3.930770654535e-01
1.539609714682e-01 -9.065243767251e-01 -3.930770581804e-01
1.539612002709e-01 -9.065243410419e-01 -3.930770508562e-01
1.539614290769e-01 -9.065243053801e-01 -3.930770434809e-01
1.539616578862e-01 -9.065242697399e-01 -3.930770360545e-01
1.539618866987e-01 -9.065242341213e-01 -3.930770285771e-01
1.539621155145e-01 -9.065241985242e-01 -3.930770210485e-01
1.539623443335e-01 -9.065241629487e-01 -3.930770134688e-01
1.539625731556e-01 -9.065241273947e-01 -3.930770058381e-01
1.539628019808e-01 -9.065240918623e-01 -3.930769981562e-01
1.539630308091e-01 -9.065240563515e-01 -3.930769904232e-01
1.539632596405e-01 -9.065240208623e-01 -3.930769826390e-01
1.539634884750e-01 -9.065239853946e-01 -3.930769748037e-01
1.539637173124e-01 -9.065239499486e-01 -3.930769669173e-01
1.539639461529e-01 -9.065239145242e-01 -3.930769589797e-01
1.539641749962e-01 -9.065238791214e-01 -3.930769509910e-01
1.539644038425e-01 -9.065238437403e-01 -3.930769429511e-01
1.539646326917e-01 -9.065238083808e-01 -3.930769348600e-01
1.539648615438e-01 -9.065237730429e-01 -3.930769267178e-01
1.539650903987e-01 -9.065237377267e-01 -3.930769185244e-01
1.539653192564e-01 -9.065237024321e-01 -3.930769102798e-01
1.539655481168e-01 -9.065236671592e-01 -3.930769019840e-01
1.539657769800e-01 -9.065236319080e-01 -3.930768936370e-01
1.539660058459e-01 -9.065235966784e-01 -3.930768852388e-01
1.539662347145e-01 -9.065235614706e-01 -3.930768767894e-01
1.539664635857e-01 -9.065235262844e-01 -3.930768682888e-01
1.539666924596e-01 -9.065234911200e-01 -3.930768597370e-01
1.539669213360e-01 -9.065234559772e-01 -3.930768511340e-01
1.539671502150e-01 -9.065234208562e-01 -3.930768424797e-01
1.539673790966e-01 -9.065233857569e-01 -3.930768337742e-01
1.539676079806e-01 -9.065233506794e-01 -3.930768250175e-01
1.539678368671e-01 -9.065233156235e-01 -3.930768162095e-01
1.539680657560e-01 -9.065232805895e-01 -3.930768073503e-01
1.539682946474e-01 -9.065232455771e-01 -3.930767984398e-01
1.539685235411e-01 -9.065232105866e-01 -3.930767894780e-01
1.539687524372e-01 -9.065231756178e-01 -3.930767804650e-01
1.539689813356e-01 -9.065231406708e-01 -3.930767714008e-01
1.539692102363e-01 -9.065231057456e-01 -3.930767622852e-01
1.539694391393e-01 -9.065230708421e-01 -3.930767531184e-01
1.539696680444e-01 -9.065230359605e-01 -3.930767439003e-01
1.539698969518e-01 -9.065230011006e-01 -3.930767346310e-01
1.539701258614e-01 -9.065229662626e-01 -3.930767253103e-01
1.539703547731e-01 -9.065229314464e-01 -3.930767159383e-01
1.539705836869e-01 -9.065228966520e-01 -3.930767065151e-01
1.539708126028e-01 -9.065228618795e-01 -3.930766970405e-01
1.539710415207e-01 -9.065228271288e-01 -3.930766875147e-01
1.539712704407e-01 -9.065227923999e-01 -3.930766779375e-01
1.539714993626e-01 -9.065227576929e-01 -3.930766683090e-01
1.539717282865e-01 -9.065227230078e-01 -3.930766586292e-01
1.539719572124e-01 -9.065226883445e-01 -3.930766488980e-01
1.539721861401e-01 -9.065226537031e-01 -3.930766391156e-01
1.539724150697e-01 -9.065226190835e-01 -3.930766292818e-01
1.539726440011e-01 -9.065225844859e-01 -3.930766193967e-01
1.539728729344e-01 -9.065225499102e-01 -3.930766094602e-01
1.539731018694e-01 -9.065225153563e-01 -3.930765994724e-01
1.539733308062e-01 -9.065224808244e-01 -3.930765894332e-01
1.539735597447e-01 -9.065224463143e-01 -3.930765793428e-01
1.539737886849e-01 -9.065224118262e-01 -3.930765692009e-01
1.539740176267e-01 -9.065223773601e-01 -3.930765590077e-01
1.539742465702e-01 -9.065223429158e-01 -3.930765487631e-01
1.539744755153e-01 -9.065223084935e-01 -3.930765384672e-01
1.539747044619e-01 -9.065222740932e-01 -3.930765281199e-01
1.539749334101e-01 -9.065222397148e-01 -3.930765177213e-01
1.539751623598e-01 -9.065222053583e-01 -3.930765072712e-01
1.539753913110e-01 -9.065221710239e-01 -3.930764967698e-01
1.539756202636e-01 -9.065221367114e-01 -3.930764862170e-01
1.539758492176e-01 -9.065221024208e-01 -3.930764756129e-01
1.539760781731e-01 -9.065220681523e-01 -3.930764649573e-01
1.539763071299e-01 -9.065220339057e-01 -3.930764542504e-01
1.539765360880e-01 -9.065219996812e-01 -3.930764434920e-01
1.539767650474e-01 -9.065219654787e-01 -3.930764326823e-01
1.539769940081e-01 -9.065219312981e-01 -3.930764218212e-01
1.539772229700e-01 -9.065218971396e-01 -3.930764109087e-01
1.539774519331e-01 -9.065218630031e-01 -3.930763999448e-01
1.539776808974e-01 -9.065218288887e-01 -3.930763889295e-01
1.539779098628e-01 -9.065217947962e-01 -3.930763778628e-01
1.539781388294e-01 -9.065217607258e-01 -3.930763667446e-01
1.539783677971e-01 -9.065217266775e-01 -3.930763555751e-01
1.539785967658e-01 -9.065216926512e-01 -3.930763443541e-01
1.539788257355e-01 -9.065216586470e-01 -3.930763330818e-01
1.539790547062e-01 -9.065216246648e-01 -3.930763217580e-01
1.539792836779e-01 -9.065215907047e-01 -3.930763103828e-01
1.539795126506e-01 -9.065215567667e-01 -3.930762989562e-01
1.539797416241e-01 -9.065215228508e-01 -3.930762874782e-01
1.539799705985e-01 -9.065214889570e-01 -3.930762759487e-01
1.539801995738e-01 -9.065214550852e-01 -3.930762643678e-01
1.539804285498e-01 -9.065214212356e-01 -3.930762527355e-01
1.539806575267e-01 -9.065213874081e-01 -3.930762410518e-01
1.539808865043e-01 -9.065213536027e-01 -3.930762293166e-01
1.539811154827e-01 -9.065213198194e-01 -3.930762175300e-01
1.539813444617e-01 -9.065212860582e-01 -3.930762056919e-01
1.539815734414e-01 -9.065212523192e-01 -3.930761938025e-01
1.539818024217e-01 -9.065212186022e-01 -3.930761818615e-01
1.539820314027e-01 -9.065211849075e-01 -3.930761698692e-01
1.539822603842e-01 -9.065211512349e-01 -3.930761578254e-01
1.539824893663e-01 -9.065211175844e-01 -3.930761457302e-01
1.539827183488e-01 -9.065210839561e-01 -3.930761335835e-01
1.539829473319e-01 -9.065210503500e-01 -3.930761213854e-01
1.539831763154e-01 -9.065210167660e-01 -3.930761091358e-01
1.539834052993e-01 -9.065209832042e-01 -3.930760968348e-01
1.539836342837e-01 -9.065209496646e-01 -3.930760844823e-01
1.539838632684e-01 -9.065209161472e-01 -3.930760720784e-01
1.539840922534e-01 -9.065208826520e-01 -3.930760596231e-01
1.539843212387e-01 -9.065208491789e-01 -3.930760471163e-01
1.539845502243e-01 -9.065208157281e-01 -3.930760345580e-01
1.539847792101e-01 -9.065207822995e-01 -3.930760219483e-01
1.539850081962e-01 -9.065207488931e-01 -3.930760092872e-01
1.539852371824e-01 -9.065207155089e-01 -3.930759965746e-01
1.539854661688e-01 -9.065206821469e-01 -3.930759838105e-01
1.539856951553e-01 -9.065206488072e-01 -3.930759709950e-01
1.539859241419e-01 -9.065206154897e-01 -3.930759581281e-01
1.539861531286e-01 -9.065205821945e-01 -3.930759452097e-01
1.539863821153e-01 -9.065205489215e-01 -3.930759322398e-01
1.539866111020e-01 -9.065205156707e-01 -3.930759192185e-01
1.539868400886e-01 -9.065204824422e-01 -3.930759061457e-01
1.539870690752e-01 -9.065204492360e-01 -3.930758930215e-01
1.539872980617e-01 -9.065204160520e-01 -3.930758798458e-01
1.539875270481e-01 -9.065203828903e-01 -3.930758666187e-01
1.539877560344e-01 -9.065203497509e-01 -3.930758533401e-01
1.539879850204e-01 -9.065203166337e-01 -3.930758400101e-01
1.539882140063e-01 -9.065202835389e-01 -3.930758266286e-01
1.539884429919e-01 -9.065202504663e-01 -3.930758131957e-01
1.539886719772e-01 -9.065202174160e-01 -3.930757997113e-01
1.539889009623e-01 -9.065201843881e-01 -3.930757861754e-01
1.539891299470e-01 -9.065201513824e-01 -3.930757725881e-01
1.539893589313e-01 -9.065201183991e-01 -3.930757589494e-01
1.539895879153e-01 -9.065200854381e-01 -3.930757452592e-01
1.539898168988e-01 -9.065200524993e-01 -3.930757315176e-01
1.539900458819e-01 -9.065200195830e-01 -3.930757177245e-01
1.539902748645e-01 -9.065199866889e-01 -3.930757038799e-01
1.539905038466e-01 -9.065199538172e-01 -3.930756899839e-01
1.539907328281e-01 -9.065199209678e-01 -3.930756760365e-01
1.539909618091e-01 -9.065198881408e-01 -3.930756620376e-01
1.539911907894e-01 -9.065198553361e-01 -3.930756479873e-01
1.539914197692e-01 -9.065198225538e-01 -3.930756338855e-01
1.539916487482e-01 -9.065197897938e-01 -3.930756197323e-01
1.539918777266e-01 -9.065197570562e-01 -3.930756055277e-01
1.539921067042e-01 -9.065197243410e-01 -3.930755912716e-01
1.539923356811e-01 -9.065196916481e-01 -3.930755769641e-01
1.539925646572e-01 -9.065196589777e-01 -3.930755626051e-01
1.539927936325e-01 -9.065196263296e-01 -3.930755481947e-01
1.539930226070e-01 -9.065195937038e-01 -3.930755337329e-01
1.539932515806e-01 -9.065195611005e-01 -3.930755192196e-01
1.539934805532e-01 -9.065195285196e-01 -3.930755046549e-01
1.539937095249e-01 -9.065194959611e-01 -3.930754900388e-01
1.539939384957e-01 -9.065194634249e-01 -3.930754753713e-01
1.539941674655e-01 -9.065194309112e-01 -3.930754606523e-01
1.539943964342e-01 -9.065193984199e-01 -3.930754458819e-01
1.539946254019e-01 -9.065193659510e-01 -3.930754310601e-01
1.539948543685e-01 -9.065193335046e-01 -3.930754161868e-01
1.539950833340e-01 -9.065193010805e-01 -3.930754012622e-01
1.539953122983e-01 -9.065192686789e-01 -3.930753862861e-01
1.539955412615e-01 -9.065192362998e-01 -3.930753712586e-01
1.539957702234e-01 -9.065192039430e-01 -3.930753561797e-01
1.539959991841e-01 -9.065191716087e-01 -3.930753410494e-01
1.539962281436e-01 -9.065191392969e-01 -3.930753258677e-01
1.539964571017e-01 -9.065191070075e-01 -3.930753106346e-01
1.539966860585e-01 -9.065190747405e-01 -3.930752953500e-01
1.539969150140e-01 -9.065190424961e-01 -3.930752800141e-01
1.539971439681e-01 -9.065190102740e-01 -3.930752646268e-01
1.539973729207e-01 -9.065189780745e-01 -3.930752491881e-01
1.539976018719e-01 -9.065189458974e-01 -3.930752336980e-01
1.539978308216e-01 -9.065189137428e-01 -3.930752181565e-01
1.539980597698e-01 -9.065188816107e-01 -3.930752025636e-01
1.539982887165e-01 -9.065188495010e-01 -3.930751869194e-01
1.539985176616e-01 -9.065188174139e-01 -3.930751712237e-01
1.539987466051e-01 -9.065187853492e-01 -3.930751554767e-01
1.539989755470e-01 -9.065187533070e-01 -3.930751396783e-01
1.539992044872e-01 -9.065187212874e-01 -3.930751238286e-01
1.539994334257e-01 -9.065186892902e-01 -3.930751079275e-01
1.539996623625e-01 -9.065186573155e-01 -3.930750919750e-01
1.539998912975e-01 -9.065186253634e-01 -3.930750759711e-01
1.540001202308e-01 -9.065185934337e-01 -3.930750599159e-01
1.540003491622e-01 -9.065185615266e-01 -3.930750438093e-01
1.540005780918e-01 -9.065185296420e-01 -3.930750276514e-01
1.540008070196e-01 -9.065184977799e-01 -3.930750114422e-01
1.540010359454e-01 -9.065184659403e-01 -3.930749951815e-01
1.540012648693e-01 -9.065184341233e-01 -3.930749788696e-01
1.540014937912e-01 -9.065184023288e-01 -3.930749625063e-01
1.540017227111e-01 -9.065183705568e-01 -3.930749460917e-01
1.540019516291e-01 -9.065183388074e-01 -3.930749296257e-01
1.540021805449e-01 -9.065183070805e-01 -3.930749131085e-01
1.540024094587e-01 -9.065182753762e-01 -3.930748965399e-01
1.540026383704e-01 -9.065182436944e-01 -3.930748799200e-01
1.540028672799e-01 -9.065182120352e-01 -3.930748632488e-01
1.540030961872e-01 -9.065181803986e-01 -3.930748465262e-01
1.540033250924e-01 -9.065181487845e-01 -3.930748297524e-01
1.540035539953e-01 -9.065181171929e-01 -3.930748129273e-01
1.540037828959e-01 -9.065180856240e-01 -3.930747960508e-01
1.540040117943e-01 -9.065180540776e-01 -3.930747791231e-01
1.540042406903e-01 -9.065180225538e-01 -3.930747621441e-01
1.540044695839e-01 -9.065179910525e-01 -3.930747451138e-01
1.540046984752e-01 -9.065179595739e-01 -3.930747280322e-01
1.540049273641e-01 -9.065179281178e-01 -3.930747108994e-01
1.540051562505e-01 -9.065178966843e-01 -3.930746937152e-01
1.540053851344e-01 -9.065178652734e-01 -3.930746764799e-01
1.540056140159e-01 -9.065178338851e-01 -3.930746591932e-01
1.540058428948e-01 -9.065178025194e-01 -3.930746418553e-01
1.540060717711e-01 -9.065177711763e-01 -3.930746244662e-01
1.540063006448e-01 -9.065177398558e-01 -3.930746070258e-01
1.540065295159e-01 -9.065177085579e-01 -3.930745895342e-01
1.540067583844e-01 -9.065176772826e-01 -3.930745719913e-01
1.540069872501e-01 -9.065176460299e-01 -3.930745543972e-01
1.540072161132e-01 -9.065176147998e-01 -3.930745367519e-01
1.540074449735e-01 -9.065175835924e-01 -3.930745190554e-01
1.540076738310e-01 -9.065175524075e-01 -3.930745013076e-01
1.540079026857e-01 -9.065175212453e-01 -3.930744835086e-01
1.540081315376e-01 -9.065174901057e-01 -3.930744656585e-01
1.540083603866e-01 -9.065174589888e-01 -3.930744477571e-01
1.540085892327e-01 -9.065174278945e-01 -3.930744298046e-01
1.540088180758e-01 -9.065173968228e-01 -3.930744118008e-01
1.540090469160e-01 -9.065173657737e-01 -3.930743937459e-01
1.540092757533e-01 -9.065173347473e-01 -3.930743756398e-01
1.540095045875e-01 -9.065173037435e-01 -3.930743574826e-01
1.540097334186e-01 -9.065172727624e-01 -3.930743392741e-01
1.540099622467e-01 -9.065172418039e-01 -3.930743210145e-01
1.540101910717e-01 -9.065172108681e-01 -3.930743027038e-01
1.540104198935e-01 -9.065171799549e-01 -3.930742843419e-01
1.540106487121e-01 -9.065171490643e-01 -3.930742659289e-01
1.540108775276e-01 -9.065171181965e-01 -3.930742474648e-01
1.540111063398e-01 -9.065170873512e-01 -3.930742289495e-01
1.540113351488e-01 -9.065170565287e-01 -3.930742103831e-01
1.540115639544e-01 -9.065170257288e-01 -3.930741917656e-01
1.540117927568e-01 -9.065169949516e-01 -3.930741730969e-01
1.540120215558e-01 -9.065169641970e-01 -3.930741543772e-01
1.540122503514e-01 -9.065169334651e-01 -3.930741356064e-01
1.540124791436e-01 -9.065169027559e-01 -3.930741167845e-01
1.540127079324e-01 -9.065168720694e-01 -3.930740979115e-01
1.540129367177e-01 -9.065168414055e-01 -3.930740789874e-01
1.540131654995e-01 -9.065168107643e-01 -3.930740600123e-01
1.540133942777e-01 -9.065167801458e-01 -3.930740409861e-01
1.540136230524e-01 -9.065167495500e-01 -3.930740219089e-01
1.540138518235e-01 -9.065167189768e-01 -3.930740027806e-01
1.540140805910e-01 -9.065166884264e-01 -3.930739836012e-01
1.540143093548e-01 -9.065166578986e-01 -3.930739643709e-01
1.540145381150e-01 -9.065166273936e-01 -3.930739450895e-01
1.540147668714e-01 -9.065165969112e-01 -3.930739257570e-01
1.540149956241e-01 -9.065165664515e-01 -3.930739063736e-01
1.540152243730e-01 -9.065165360146e-01 -3.930738869392e-01
1.540154531182e-01 -9.065165056003e-01 -3.930738674538e-01
1.540156818594e-01 -9.065164752087e-01 -3.930738479173e-01
1.540159105969e-01 -9.065164448398e-01 -3.930738283299e-01
1.540161393304e-01 -9.065164144937e-01 -3.930738086916e-01
1.540163680600e-01 -9.065163841702e-01 -3.930737890022e-01
1.540165967857e-01 -9.065163538695e-01 -3.930737692619e-01
1.540168255073e-01 -9.065163235914e-01 -3.930737494707e-01
1.540170542250e-01 -9.065162933361e-01 -3.930737296285e-01
1.540172829386e-01 -9.065162631035e-01 -3.930737097353e-01
1.540175116482e-01 -9.065162328936e-01 -3.930736897913e-01
1.540177403536e-01 -9.065162027064e-01 -3.930736697963e-01
1.540179690549e-01 -9.065161725419e-01 -3.930736497504e-01
1.540181977520e-01 -9.065161424002e-01 -3.930736296536e-01
1.540184264450e-01 -9.065161122812e-01 -3.930736095059e-01
1.540186551337e-01 -9.065160821849e-01 -3.930735893073e-01
1.540188838182e-01 -9.065160521113e-01 -3.930735690579e-01
1.540191124984e-01 -9.065160220605e-01 -3.930735487575e-01
1.540193411743e-01 -9.065159920324e-01 -3.930735284063e-01
1.540195698458e-01 -9.065159620270e-01 -3.930735080043e-01
1.540197985129e-01 -9.065159320443e-01 -3.930734875514e-01
1.540200271757e-01 -9.065159020844e-01 -3.930734670476e-01
1.540202558340e-01 -9.065158721472e-01 -3.930734464931e-01
1.540204844879e-01 -9.065158422328e-01 -3.930734258877e-01
1.540207131372e-01 -9.065158123411e-01 -3.930734052315e-01
1.540209417821e-01 -9.065157824721e-01 -3.930733845245e-01
1.540211704224e-01 -9.065157526259e-01 -3.930733637667e-01
1.540213990581e-01 -9.065157228024e-01 -3.930733429581e-01
1.540216276892e-01 -9.065156930016e-01 -3.930733220988e-01
1.540218563156e-01 -9.065156632236e-01 -3.930733011887e-01
1.540220849374e-01 -9.065156334683e-01 -3.930732802278e-01
1.540223135544e-01 -9.065156037358e-01 -3.930732592162e-01
1.540225421668e-01 -9.065155740260e-01 -3.930732381538e-01
1.540227707743e-01 -9.065155443390e-01 -3.930732170407e-01
1.540229993771e-01 -9.065155146747e-01 -3.930731958769e-01
1.540232279751e-01 -9.065154850332e-01 -3.930731746624e-01
1.540234565682e-01 -9.065154554144e-01 -3.930731533971e-01
1.540236851564e-01 -9.065154258184e-01 -3.930731320812e-01
1.540239137397e-01 -9.065153962451e-01 -3.930731107146e-01
1.540241423181e-01 -9.065153666946e-01 -3.930730892973e-01
1.540243708914e-01 -9.065153371668e-01 -3.930730678294e-01
1.540245994598e-01 -9.065153076618e-01 -3.930730463108e-01
1.540248280232e-01 -9.065152781796e-01 -3.930730247416e-01
1.540250565815e-01 -9.065152487201e-01 -3.930730031217e-01
1.540252851347e-01 -9.065152192833e-01 -3.930729814512e-01
1.540255136827e-01 -9.065151898693e-01 -3.930729597301e-01
1.540257422256e-01 -9.065151604781e-01 -3.930729379584e-01
1.540259707634e-01 -9.065151311096e-01 -3.930729161361e-01
1.540261992959e-01 -9.065151017639e-01 -3.930728942632e-01
1.540264278232e-01 -9.065150724410e-01 -3.930728723397e-01
1.540266563452e-01 -9.065150431408e-01 -3.930728503657e-01
1.540268848619e-01 -9.065150138633e-01 -3.930728283411e-01
1.540271133733e-01 -9.065149846087e-01 -3.930728062660e-01
1.540273418793e-01 -9.065149553768e-01 -3.930727841403e-01
1.540275703799e-01 -9.065149261676e-01 -3.930727619642e-01
1.540277988751e-01 -9.065148969813e-01 -3.930727397375e-01
1.540280273648e-01 -9.065148678177e-01 -3.930727174603e-01
1.540282558491e-01 -9.065148386768e-01 -3.930726951326e-01
1.540284843279e-01 -9.065148095587e-01 -3.930726727545e-01
1.540287128011e-01 -9.065147804634e-01 -3.930726503258e-01
1.540289412687e-01 -9.065147513909e-01 -3.930726278468e-01
1.540291697308e-01 -9.065147223411e-01 -3.930726053172e-01
1.540293981872e-01 -9.065146933141e-01 -3.930725827373e-01
1.540296266379e-01 -9.065146643098e-01 -3.930725601069e-01
1.540298550830e-01 -9.065146353284e-01 -3.930725374261e-01
1.540300835223e-01 -9.065146063697e-01 -3.930725146949e-01
1.540303119559e-01 -9.065145774337e-01 -3.930724919133e-01
1.540305403837e-01 -9.065145485205e-01 -3.930724690814e-01
1.540307688057e-01 -9.065145196301e-01 -3.930724461990e-01
1.540309972218e-01 -9.065144907625e-01 -3.930724232663e-01
1.540312256321e-01 -9.065144619176e-01 -3.930724002833e-01
1.540314540365e-01 -9.065144330955e-01 -3.930723772500e-01
1.540316824350e-01 -9.065144042962e-01 -3.930723541663e-01
1.540319108275e-01 -9.065143755196e-01 -3.930723310323e-01
1.540321392140e-01 -9.065143467658e-01 -3.930723078480e-01
1.540323675945e-01 -9.065143180348e-01 -3.930722846134e-01
1.540325959689e-01 -9.065142893265e-01 -3.930722613285e-01
1.540328243373e-01 -9.065142606410e-01 -3.930722379934e-01
1.540330526996e-01 -9.065142319783e-01 -3.930722146081e-01
1.540332810557e-01 -9.065142033383e-01 -3.930721911725e-01
1.540335094056e-01 -9.065141747211e-01 -3.930721676866e-01
1.540337377494e-01 -9.065141461267e-01 -3.930721441506e-01
1.540339660869e-01 -9.065141175550e-01 -3.930721205643e-01
1.540341944182e-01 -9.065140890061e-01 -3.930720969279e-01
1.540344227432e-01 -9.065140604800e-01 -3.930720732413e-01
1.540346510619e-01 -9.065140319766e-01 -3.930720495045e-01
1.540348793742e-01 -9.065140034961e-01 -3.930720257176e-01
1.540351076802e-01 -9.065139750382e-01 -3.930720018805e-01
1.540353359797e-01 -9.065139466032e-01 -3.930719779933e-01
1.540355642728e-01 -9.065139181909e-01 -3.930719540560e-01
1.540357925595e-01 -9.065138898013e-01 -3.930719300686e-01
1.540360208396e-01 -9.065138614345e-01 -3.930719060311e-01
1.540362491133e-01 -9.065138330905e-01 -3.930718819435e-01
1.540364773804e-01 -9.065138047693e-01 -3.930718578059e-01
1.540367056408e-01 -9.065137764708e-01 -3.930718336182e-01
1.540369338947e-01 -9.065137481951e-01 -3.930718093805e-01
1.540371621420e-01 -9.065137199421e-01 -3.930717850927e-01
1.540373903825e-01 -9.065136917119e-01 -3.930717607550e-01
1.540376186164e-01 -9.065136635044e-01 -3.930717363672e-01
1.540378468436e-01 -9.065136353198e-01 -3.930717119295e-01
1.540380750639e-01 -9.065136071578e-01 -3.930716874417e-01
1.540383032775e-01 -9.065135790187e-01 -3.930716629041e-01
1.540385314843e-01 -9.065135509022e-01 -3.930716383164e-01
1.540387596842e-01 -9.065135228086e-01 -3.930716136789e-01
1.540389878773e-01 -9.065134947377e-01 -3.930715889914e-01
1.540392160634e-01 -9.065134666895e-01 -3.930715642540e-01
1.540394442426e-01 -9.065134386641e-01 -3.930715394668e-01
1.540396724148e-01 -9.065134106615e-01 -3.930715146296e-01
1.540399005800e-01 -9.065133826816e-01 -3.930714897426e-01
1.540401287382e-01 -9.065133547244e-01 -3.930714648058e-01
1.540403568894e-01 -9.065133267900e-01 -3.930714398191e-01
1.540405850334e-01 -9.065132988784e-01 -3.930714147826e-01
1.540408131704e-01 -9.065132709895e-01 -3.930713896963e-01
1.540410413002e-01 -9.065132431233e-01 -3.930713645602e-01
1.540412694228e-01 -9.065132152799e-01 -3.930713393743e-01
1.540414975382e-01 -9.065131874592e-01 -3.930713141386e-01
1.540417256464e-01 -9.065131596613e-01 -3.930712888532e-01
1.540419537473e-01 -9.065131318861e-01 -3.930712635181e-01
1.540421818409e-01 -9.065131041337e-01 -3.930712381332e-01
1.540424099273e-01 -9.065130764040e-01 -3.930712126987e-01
1.540426380062e-01 -9.065130486970e-01 -3.930711872144e-01
1.540428660778e-01 -9.065130210128e-01 -3.930711616805e-01
1.540430941419e-01 -9.065129933513e-01 -3.930711360968e-01
1.540433221987e-01 -9.065129657125e-01 -3.930711104636e-01
1.540435502479e-01 -9.065129380965e-01 -3.930710847807e-01
1.540437782897e-01 -9.065129105032e-01 -3.930710590482e-01
1.540440063239e-01 -9.065128829326e-01 -3.930710332661e-01
1.540442343506e-01 -9.065128553848e-01 -3.930710074344e-01
1.540444623697e-01 -9.065128278597e-01 -3.930709815531e-01
1.540446903811e-01 -9.065128003573e-01 -3.930709556223e-01
1.540449183849e-01 -9.065127728776e-01 -3.930709296419e-01
1.540451463811e-01 -9.065127454207e-01 -3.930709036120e-01
1.540453743695e-01 -9.065127179864e-01 -3.930708775326e-01
1.540456023502e-01 -9.065126905749e-01 -3.930708514036e-01
1.540458303232e-01 -9.065126631861e-01 -3.930708252252e-01
1.540460582883e-01 -9.065126358201e-01 -3.930707989974e-01
1.540462862456e-01 -9.065126084767e-01 -3.930707727200e-01
1.540465141951e-01 -9.065125811560e-01 -3.930707463933e-01
1.540467421367e-01 -9.065125538581e-01 -3.930707200171e-01
1.540469700704e-01 -9.065125265829e-01 -3.930706935915e-01
1.540471979961e-01 -9.065124993303e-01 -3.930706671165e-01
1.540474259139e-01 -9.065124721005e-01 -3.930706405921e-01
1.540476538237e-01 -9.065124448934e-01 -3.930706140184e-01
1.540478817254e-01 -9.065124177090e-01 -3.930705873954e-01
1.540481096191e-01 -9.065123905473e-01 -3.930705607230e-01
1.540483375047e-01 -9.065123634082e-01 -3.930705340013e-01
1.540485653822e-01 -9.065123362919e-01 -3.930705072303e-01
1.540487932515e-01 -9.065123091983e-01 -3.930704804100e-01
1.540490211127e-01 -9.065122821273e-01 -3.930704535405e-01
1.540492489657e-01 -9.065122550791e-01 -3.930704266217e-01
1.540494768104e-01 -9.065122280535e-01 -3.930703996537e-01
1.540497046469e-01 -9.065122010506e-01 -3.930703726364e-01
1.540499324751e-01 -9.065121740704e-01 -3.930703455700e-01
1.540501602949e-01 -9.065121471129e-01 -3.930703184544e-01
1.540503881064e-01 -9.065121201781e-01 -3.930702912896e-01
1.540506159096e-01 -9.065120932659e-01 -3.930702640757e-01
1.540508437043e-01 -9.065120663764e-01 -3.930702368127e-01
1.540510714906e-01 -9.065120395096e-01 -3.930702095005e-01
1.540512992684e-01 -9.065120126654e-01 -3.930701821392e-01
1.540515270377e-01 -9.065119858440e-01 -3.930701547289e-01
1.540517547985e-01 -9.065119590451e-01 -3.930701272695e-01
1.540519825507e-01 -9.065119322690e-01 -3.930700997610e-01
1.540522102944e-01 -9.065119055155e-01 -3.930700722035e-01
1.540524380295e-01 -9.065118787846e-01 -3.930700445970e-01
1.540526657559e-01 -9.065118520765e-01 -3.930700169415e-01
1.540528934736e-01 -9.065118253909e-01 -3.930699892371e-01
1.540531211826e-01 -9.065117987280e-01 -3.930699614836e-01
1.540533488829e-01 -9.065117720878e-01 -3.930699336812e-01
1.540535765745e-01 -9.065117454702e-01 -3.930699058299e-01
1.540538042573e-01 -9.065117188753e-01 -3.930698779297e-01
1.540540319312e-01 -9.065116923030e-01 -3.930698499806e-01
1.540542595963e-01 -9.065116657533e-01 -3.930698219826e-01
1.540544872525e-01 -9.065116392262e-01 -3.930697939358e-01
1.540547148999e-01 -9.065116127218e-01 -3.930697658401e-01
1.540549425382e-01 -9.065115862400e-01 -3.930697376956e-01
1.540551701677e-01 -9.065115597809e-01 -3.930697095023e-01
1.540553977881e-01 -9.065115333444e-01 -3.930696812602e-01
1.540556253995e-01 -9.065115069305e-01 -3.930696529693e-01
1.540558530019e-01 -9.065114805392e-01 -3.930696246297e-01
1.540560805952e-01 -9.065114541705e-01 -3.930695962414e-01
1.540563081794e-01 -9.065114278244e-01 -3.930695678043e-01
1.540565357545e-01 -9.065114015010e-01 -3.930695393186e-01
1.540567633203e-01 -9.065113752001e-01 -3.930695107841e-01
1.540569908770e-01 -9.065113489219e-01 -3.930694822010e-01
1.540572184245e-01 -9.065113226662e-01 -3.930694535693e-01
1.540574459627e-01 -9.065112964331e-01 -3.930694248890e-01
1.540576734917e-01 -9.065112702227e-01 -3.930693961600e-01
1.540579010113e-01 -9.065112440348e-01 -3.930693673824e-01
1.540581285216e-01 -9.065112178695e-01 -3.930693385563e-01
1.540583560225e-01 -9.065111917268e-01 -3.930693096817e-01
1.540585835141e-01 -9.065111656067e-01 -3.930692807585e-01
1.540588109962e-01 -9.065111395092e-01 -3.930692517868e-01
1.540590384688e-01 -9.065111134342e-01 -3.930692227666e-01
1.540592659320e-01 -9.065110873818e-01 -3.930691936979e-01
1.540594933857e-01 -9.065110613520e-01 -3.930691645808e-01
1.540597208298e-01 -9.065110353447e-01 -3.930691354152e-01
1.540599482644e-01 -9.065110093600e-01 -3.930691062012e-01
1.540601756893e-01 -9.065109833979e-01 -3.930690769388e-01
1.540604031046e-01 -9.065109574583e-01 -3.930690476281e-01
1.540606305103e-01 -9.065109315413e-01 -3.930690182690e-01
1.540608579063e-01 -9.065109056468e-01 -3.930689888615e-01
1.540610852926e-01 -9.065108797748e-01 -3.930689594057e-01
1.540613126691e-01 -9.065108539254e-01 -3.930689299016e-01
1.540615400359e-01 -9.065108280986e-01 -3.930689003493e-01
1.540617673928e-01 -9.065108022943e-01 -3.930688707487e-01
1.540619947400e-01 -9.065107765125e-01 -3.930688410998e-01
1.540622220773e-01 -9.065107507532e-01 -3.930688114027e-01
1.540624494046e-01 -9.065107250164e-01 -3.930687816574e-01
1.540626767221e-01 -9.065106993022e-01 -3.930687518639e-01
1.540629040297e-01 -9.065106736105e-01 -3.930687220223e-01
1.540631313272e-01 -9.065106479413e-01 -3.930686921325e-01
1.540633586148e-01 -9.065106222946e-01 -3.930686621945e-01
1.540635858923e-01 -9.065105966704e-01 -3.930686322085e-01
1.540638131598e-01 -9.065105710687e-01 -3.930686021744e-01
1.540640404172e-01 -9.065105454895e-01 -3.930685720922e-01
1.540642676645e-01 -9.065105199328e-01 -3.930685419620e-01
1.540644949016e-01 -9.065104943986e-01 -3.930685117838e-01
1.540647221286e-01 -9.065104688869e-01 -3.930684815575e-01
1.540649493453e-01 -9.065104433976e-01 -3.930684512833e-01
1.540651765519e-01 -9.065104179309e-01 -3.930684209611e-01
1.540654037481e-01 -9.065103924866e-01 -3.930683905910e-01
1.540656309341e-01 -9.065103670647e-01 -3.930683601729e-01
1.540658581098e-01 -9.065103416654e-01 -3.930683297070e-01
1.540660852751e-01 -9.065103162885e-01 -3.930682991931e-01
1.540663124301e-01 -9.065102909340e-01 -3.930682686314e-01
1.540665395746e-01 -9.065102656020e-01 -3.930682380219e-01
1.540667667088e-01 -9.065102402925e-01 -3.930682073645e-01
1.540669938324e-01 -9.065102150054e-01 -3.930681766593e-01
1.540672209456e-01 -9.065101897408e-01 -3.930681459064e-01
1.540674480483e-01 -9.065101644985e-01 -3.930681151057e-01
1.540676751404e-01 -9.065101392787e-01 -3.930680842572e-01
1.540679022219e-01 -9.065101140814e-01 -3.930680533611e-01
1.540681292929e-01 -9.065100889064e-01 -3.930680224173e-01
1.540683563532e-01 -9.065100637539e-01 -3.930679914257e-01
1.540685834029e-01 -9.065100386238e-01 -3.930679603866e-01
1.540688104419e-01 -9.065100135161e-01 -3.930679292998e-01
1.540690374701e-01 -9.065099884308e-01 -3.930678981654e-01
1.540692644877e-01 -9.065099633680e-01 -3.930678669834e-01
1.540694914944e-01 -9.065099383275e-01 -3.930678357538e-01
1.540697184904e-01 -9.065099133094e-01 -3.930678044767e-01
1.540699454755e-01 -9.065098883137e-01 -3.930677731521e-01
1.540701724498e-01 -9.065098633403e-01 -3.930677417800e-01
1.540703994131e-01 -9.065098383894e-01 -3.930677103604e-01
1.540706263656e-01 -9.065098134608e-01 -3.930676788933e-01
1.540708533071e-01 -9.065097885546e-01 -3.930676473788e-01
1.540710802377e-01 -9.065097636708e-01 -3.930676158169e-01
1.540713071573e-01 -9.065097388093e-01 -3.930675842076e-01
1.540715340658e-01 -9.065097139702e-01 -3.930675525509e-01
1.540717609633e-01 -9.065096891534e-01 -3.930675208469e-01
1.540719878497e-01 -9.065096643589e-01 -3.930674890955e-01
1.540722147250e-01 -9.065096395869e-01 -3.930674572969e-01
1.540724415892e-01 -9.065096148371e-01 -3.930674254510e-01
1.540726684421e-01 -9.065095901097e-01 -3.930673935578e-01
1.540728952839e-01 -9.065095654046e-01 -3.930673616173e-01
1.540731221145e-01 -9.065095407218e-01 -3.930673296297e-01
1.540733489338e-01 -9.065095160614e-01 -3.930672975949e-01
1.540735757419e-01 -9.065094914232e-01 -3.930672655129e-01
1.540738025386e-01 -9.065094668074e-01 -3.930672333837e-01
1.540740293240e-01 -9.065094422138e-01 -3.930672012074e-01
1.540742560980e-01 -9.065094176426e-01 -3.930671689841e-01
1.540744828606e-01 -9.065093930936e-01 -3.930671367136e-01
1.540747096119e-01 -9.065093685670e-01 -3.930671043961e-01
1.540749363516e-01 -9.065093440626e-01 -3.930670720316e-01
1.540751630799e-01 -9.065093195805e-01 -3.930670396200e-01
1.540753897967e-01 -9.065092951206e-01 -3.930670071615e-01
1.540756165020e-01 -9.065092706831e-01 -3.930669746560e-01
1.540758431957e-01 -9.065092462678e-01 -3.930669421035e-01
1.540760698778e-01 -9.065092218747e-01 -3.930669095042e-01
1.540762965482e-01 -9.065091975039e-01 -3.930668768579e-01
1.540765232071e-01 -9.065091731553e-01 -3.930668441648e-01
1.540767498542e-01 -9.065091488290e-01 -3.930668114248e-01
1.540769764897e-01 -9.065091245249e-01 -3.930667786380e-01
1.540772031135e-01 -9.065091002430e-01 -3.930667458044e-01
1.540774297254e-01 -9.065090759834e-01 -3.930667129240e-01
1.540776563256e-01 -9.065090517460e-01 -3.930666799969e-01
1.540778829140e-01 -9.065090275308e-01 -3.930666470231e-01
1.540781094906e-01 -9.065090033378e-01 -3.930666140025e-01
1.540783360552e-01 -9.065089791670e-01 -3.930665809352e-01
1.540785626080e-01 -9.065089550184e-01 -3.930665478213e-01
1.540787891489e-01 -9.065089308919e-01 -3.930665146608e-01
1.540790156778e-01 -9.065089067877e-01 -3.930664814536e-01
1.540792421947e-01 -9.065088827056e-01 -3.930664481999e-01
1.540794686996e-01 -9.065088586458e-01 -3.930664148996e-01
1.540796951925e-01 -9.065088346080e-01 -3.930663815527e-01
1.540799216733e-01 -9.065088105925e-01 -3.930663481594e-01
1.540801481420e-01 -9.065087865991e-01 -3.930663147195e-01
1.540803745986e-01 -9.065087626278e-01 -3.930662812332e-01
1.540806010430e-01 -9.065087386787e-01 -3.930662477005e-01
1.540808274753e-01 -9.065087147518e-01 -3.930662141213e-01
1.540810538954e-01 -9.065086908469e-01 -3.930661804957e-01
1.540812803032e-01 -9.065086669642e-01 -3.930661468238e-01
1.540815066988e-01 -9.065086431036e-01 -3.930661131055e-01
1.540817330821e-01 -9.065086192651e-01 -3.930660793409e-01
1.540819594531e-01 -9.065085954488e-01 -3.930660455300e-01
1.540821858118e-01 -9.065085716545e-01 -3.930660116728e-01
1.540824121580e-01 -9.065085478823e-01 -3.930659777694e-01
1.540826384919e-01 -9.065085241323e-01 -3.930659438198e-01
1.540828648134e-01 -9.065085004043e-01 -3.930659098239e-01
1.540830911224e-01 -9.065084766983e-01 -3.930658757819e-01
1.540833174189e-01 -9.065084530145e-01 -3.930658416938e-01
1.540835437029e-01 -9.065084293527e-01 -3.930658075595e-01
1.540837699744e-01 -9.065084057130e-01 -3.930657733792e-01
1.540839962333e-01 -9.065083820953e-01 -3.930657391527e-01
1.540842224797e-01 -9.065083584997e-01 -3.930657048802e-01
1.540844487134e-01 -9.065083349261e-01 -3.930656705617e-01
1.540846749344e-01 -9.065083113746e-01 -3.930656361973e-01
1.540849011428e-01 -9.065082878451e-01 -3.930656017868e-01
1.540851273385e-01 -9.065082643376e-01 -3.930655673304e-01
1.540853535215e-01 -9.065082408521e-01 -3.930655328281e-01
1.540855796917e-01 -9.065082173886e-01 -3.930654982798e-01
1.540858058491e-01 -9.065081939472e-01 -3.930654636857e-01
1.540860319937e-01 -9.065081705277e-01 -3.930654290458e-01
1.540862581255e-01 -9.065081471302e-01 -3.930653943601e-01
1.540864842444e-01 -9.065081237547e-01 -3.930653596285e-01
1.540867103505e-01 -9.065081004012e-01 -3.930653248512e-01
1.540869364436e-01 -9.065080770696e-01 -3.930652900282e-01
1.540871625237e-01 -9.065080537600e-01 -3.930652551595e-01
1.540873885909e-01 -9.065080304724e-01 -3.930652202450e-01
1.540876146451e-01 -9.065080072067e-01 -3.930651852849e-01
1.540878406862e-01 -9.065079839630e-01 -3.930651502792e-01
1.540880667143e-01 -9.065079607412e-01 -3.930651152279e-01
1.540882927293e-01 -9.065079375413e-01 -3.930650801310e-01
1.540885187312e-01 -9.065079143634e-01 -3.930650449885e-01
1.540887447200e-01 -9.065078912073e-01 -3.930650098005e-01
1.540889706956e-01 -9.065078680732e-01 -3.930649745670e-01
1.540891966580e-01 -9.065078449610e-01 -3.930649392880e-01
1.540894226072e-01 -9.065078218707e-01 -3.930649039636e-01
1.540896485431e-01 -9.065077988022e-01 -3.930648685937e-01
1.540898744658e-01 -9.065077757557e-01 -3.930648331785e-01
1.540901003751e-01 -9.065077527310e-01 -3.930647977179e-01
1.540903262712e-01 -9.065077297282e-01 -3.930647622119e-01
1.540905521538e-01 -9.065077067472e-01 -3.930647266606e-01
1.540907780231e-01 -9.065076837881e-01 -3.930646910641e-01
1.540910038790e-01 -9.065076608509e-01 -3.930646554222e-01
1.540912297214e-01 -9.065076379355e-01 -3.930646197352e-01
1.540914555504e-01 -9.065076150419e-01 -3.930645840029e-01
1.540916813659e-01 -9.065075921702e-01 -3.930645482255e-01
1.540919071679e-01 -9.065075693202e-01 -3.930645124029e-01
1.540921329563e-01 -9.065075464921e-01 -3.930644765351e-01
1.540923587311e-01 -9.065075236858e-01 -3.930644406223e-01
1.540925844924e-01 -9.065075009013e-01 -3.930644046644e-01
1.540928102400e-01 -9.065074781385e-01 -3.930643686615e-01
1.540930359740e-01 -9.065074553976e-01 -3.930643326135e-01
1.540932616943e-01 -9.065074326784e-01 -3.930642965206e-01
1.540934874008e-01 -9.065074099810e-01 -3.930642603827e-01
1.540937130937e-01 -9.065073873054e-01 -3.930642241998e-01
1.540939387727e-01 -9.065073646515e-01 -3.930641879721e-01
1.540941644380e-01 -9.065073420193e-01 -3.930641516994e-01
1.540943900895e-01 -9.065073194089e-01 -3.930641153820e-01
1.540946157271e-01 -9.065072968202e-01 -3.930640790196e-01
1.540948413509e-01 -9.065072742533e-01 -3.930640426125e-01
1.540950669608e-01 -9.065072517080e-01 -3.930640061607e-01
1.540952925567e-01 -9.065072291845e-01 -3.930639696641e-01
1.540955181387e-01 -9.065072066827e-01 -3.930639331228e-01
1.540957437067e-01 -9.065071842025e-01 -3.930638965368e-01
1.540959692607e-01 -9.065071617441e-01 -3.930638599061e-01
1.540961948007e-01 -9.065071393073e-01 -3.930638232308e-01
1.540964203266e-01 -9.065071168922e-01 -3.930637865109e-01
1.540966458385e-01 -9.065070944988e-01 -3.930637497465e-01
1.540968713362e-01 -9.065070721270e-01 -3.930637129375e-01
1.540970968198e-01 -9.065070497768e-01 -3.930636760840e-01
1.540973222892e-01 -9.065070274483e-01 -3.930636391860e-01
1.540975477444e-01 -9.065070051414e-01 -3.930636022435e-01
1.540977731855e-01 -9.065069828562e-01 -3.930635652567e-01
1.540979986122e-01 -9.065069605925e-01 -3.930635282254e-01
1.540982240247e-01 -9.065069383505e-01 -3.930634911498e-01
1.540984494229e-01 -9.065069161301e-01 -3.930634540298e-01
1.540986748068e-01 -9.065068939312e-01 -3.930634168655e-01
1.540989001763e-01 -9.065068717540e-01 -3.930633796569e-01
1.540991255315e-01 -9.065068495983e-01 -3.930633424041e-01
