2.617993877991e-02 2.617993877991e-02 2.617993877991e-02 0.000000000000e+00 0.000000000000e+00 0.000000000000e+00 
2.607107747398e-02 2.609783425507e-02 2.615369981704e-02 0.000000000000e+00 0.000000000000e+00 0.000000000000e+00 
2.596118327250e-02 2.601726344890e-02 2.612671364965e-02 0.000000000000e+00 0.000000000000e+00 0.000000000000e+00 
2.585023421821e-02 2.593832221339e-02 2.609887697520e-02 0.000000000000e+00 0.000000000000e+00 0.000000000000e+00 
2.573788744261e-02 2.586236225832e-02 2.606934127973e-02 0.000000000000e+00 0.000000000000e+00 0.000000000000e+00 
2.562458483495e-02 2.578804774691e-02 2.603881007192e-02 0.000000000000e+00 0.000000000000e+00 0.000000000000e+00 
2.551059076214e-02 2.571538264725e-02 2.600730306419e-02 0.000000000000e+00 0.000000000000e+00 0.000000000000e+00 
2.539555814342e-02 2.564543230725e-02 2.597372466578e-02 0.000000000000e+00 0.000000000000e+00 0.000000000000e+00 
2.527985287956e-02 2.557694517862e-02 2.593890526666e-02 0.000000000000e+00 0.000000000000e+00 0.000000000000e+00 
2.516357622537e-02 2.550986819220e-02 2.590298154024e-02 0.000000000000e+00 0.000000000000e+00 0.000000000000e+00 
2.504666564000e-02 2.544529405935e-02 2.586485581094e-02 0.000000000000e+00 0.000000000000e+00 0.000000000000e+00 
2.492922751792e-02 2.538208980111e-02 2.582558433454e-02 0.000000000000e+00 0.000000000000e+00 0.000000000000e+00 
2.481136573043e-02 2.532012637316e-02 2.578504468246e-02 0.000000000000e+00 0.000000000000e+00 0.000000000000e+00 
2.469311995070e-02 2.526035374247e-02 2.574219859808e-02 0.000000000000e+00 0.000000000000e+00 0.000000000000e+00 
2.457461663892e-02 2.520186077957e-02 2.569798801369e-02 0.000000000000e+00 0.000000000000e+00 0.000000000000e+00 
2.445587648442e-02 2.514445616828e-02 2.565253444119e-02 0.000000000000e+00 0.000000000000e+00 0.000000000000e+00 
2.433707720969e-02 2.508922625084e-02 2.560462266249e-02 0.000000000000e+00 0.000000000000e+00 0.000000000000e+00 
2.421817519999e-02 2.503501188380e-02 2.555539470613e-02 0.000000000000e+00 0.000000000000e+00 0.000000000000e+00 
2.409916044043e-02 2.498185690544e-02 2.550489538984e-02 0.000000000000e+00 0.000000000000e+00 0.000000000000e+00 
2.398046077144e-02 2.493046955822e-02 2.545199385107e-02 0.000000000000e+00 0.000000000000e+00 0.000000000000e+00 
2.386185217942e-02 2.487998655964e-02 2.539794187205e-02 0.000000000000e+00 0.000000000000e+00 0.000000000000e+00 
2.374321795087e-02 2.483039819150e-02 2.534261303406e-02 0.000000000000e+00 0.000000000000e+00 0.000000000000e+00 
2.362527123555e-02 2.478236881715e-02 2.528484501836e-02 0.000000000000e+00 0.000000000000e+00 0.000000000000e+00 
2.350759982081e-02 2.473537767405e-02 2.522582790378e-02 0.000000000000e+00 0.000000000000e+00 0.000000000000e+00 
2.339012694691e-02 2.468927578055e-02 2.516553437203e-02 0.000000000000e+00 0.000000000000e+00 0.000000000000e+00 
2.327357480593e-02 2.464437021740e-02 2.510301601664e-02 0.000000000000e+00 0.000000000000e+00 0.000000000000e+00 
2.315734278829e-02 2.460019956437e-02 2.503918096730e-02 0.000000000000e+00 0.000000000000e+00 0.000000000000e+00 
2.304144028910e-02 2.455676254777e-02 2.497411317075e-02 0.000000000000e+00 0.000000000000e+00 0.000000000000e+00 
2.292672599608e-02 2.451461538089e-02 2.490701938521e-02 0.000000000000e+00 0.000000000000e+00 0.000000000000e+00 
2.281262674841e-02 2.447322043911e-02 2.483880809738e-02 0.000000000000e+00 0.000000000000e+00 0.000000000000e+00 
2.269912415702e-02 2.443254245787e-02 2.476941101912e-02 0.000000000000e+00 0.000000000000e+00 0.000000000000e+00 
2.258696842094e-02 2.439282407240e-02 2.469799400173e-02 0.000000000000e+00 0.000000000000e+00 0.000000000000e+00 
2.247544866576e-02 2.435376247625e-02 2.462554780753e-02 0.000000000000e+00 0.000000000000e+00 0.000000000000e+00 
2.236462752234e-02 2.431525885712e-02 2.455192777507e-02 0.000000000000e+00 0.000000000000e+00 0.000000000000e+00 
2.225559867351e-02 2.427749204168e-02 2.447632780451e-02 0.000000000000e+00 0.000000000000e+00 0.000000000000e+00 
2.214727366946e-02 2.424028792254e-02 2.439968699350e-02 0.000000000000e+00 0.000000000000e+00 0.000000000000e+00 
2.203982076227e-02 2.420366604379e-02 2.432207488463e-02 0.000000000000e+00 0.000000000000e+00 0.000000000000e+00 
2.193410513933e-02 2.416770930037e-02 2.424274691837e-02 0.000000000000e+00 0.000000000000e+00 0.000000000000e+00 
2.182936159683e-02 2.413226383334e-02 2.416254804272e-02 0.000000000000e+00 0.000000000000e+00 0.000000000000e+00 
2.172564761808e-02 2.409731929813e-02 2.408138339073e-02 0.000000000000e+00 0.000000000000e+00 0.000000000000e+00 
2.162400777611e-02 2.406279442759e-02 2.399864453684e-02 0.000000000000e+00 0.000000000000e+00 0.000000000000e+00 
2.152327909791e-02 2.402865604496e-02 2.391491572445e-02 0.000000000000e+00 0.000000000000e+00 0.000000000000e+00 
2.142372018877e-02 2.399491834291e-02 2.383029204116e-02 0.000000000000e+00 0.000000000000e+00 0.000000000000e+00 
2.132646893301e-02 2.396155440195e-02 2.374424236508e-02 0.000000000000e+00 0.000000000000e+00 0.000000000000e+00 
2.123017517123e-02 2.392849560396e-02 2.365744411053e-02 0.000000000000e+00 0.000000000000e+00 0.000000000000e+00 
2.113518201594e-02 2.389567965552e-02 2.356986423695e-02 0.000000000000e+00 0.000000000000e+00 0.000000000000e+00 
2.104248078134e-02 2.386290903930e-02 2.348103409501e-02 0.000000000000e+00 0.000000000000e+00 0.000000000000e+00 
2.095108165922e-02 2.383042421844e-02 2.339153291452e-02 0.000000000000e+00 0.000000000000e+00 0.000000000000e+00 
2.086096829464e-02 2.379803485740e-02 2.330127174784e-02 0.000000000000e+00 0.000000000000e+00 0.000000000000e+00 
2.077303518025e-02 2.376559613152e-02 2.321013232398e-02 0.000000000000e+00 0.000000000000e+00 0.000000000000e+00 
2.068673847648e-02 2.373328270082e-02 2.311828124522e-02 0.000000000000e+00 0.000000000000e+00 0.000000000000e+00 
2.060183354398e-02 2.370109855422e-02 2.302573158140e-02 0.000000000000e+00 0.000000000000e+00 0.000000000000e+00 
2.051906025299e-02 2.366857817833e-02 2.293226034829e-02 0.000000000000e+00 0.000000000000e+00 0.000000000000e+00 
2.043780875937e-02 2.363615811134e-02 2.283821151171e-02 0.000000000000e+00 0.000000000000e+00 0.000000000000e+00 
2.035794755520e-02 2.360377589669e-02 2.274367360655e-02 0.000000000000e+00 0.000000000000e+00 0.000000000000e+00 
2.028052405121e-02 2.357082943321e-02 2.264847179769e-02 0.000000000000e+00 0.000000000000e+00 0.000000000000e+00 
2.020446798713e-02 2.353788557205e-02 2.255287374958e-02 0.000000000000e+00 0.000000000000e+00 0.000000000000e+00 
2.012990955050e-02 2.350472329800e-02 2.245682397059e-02 0.000000000000e+00 0.000000000000e+00 0.000000000000e+00 
2.005774125946e-02 2.347097395976e-02 2.236032346205e-02 0.000000000000e+00 0.000000000000e+00 0.000000000000e+00 
1.998675313683e-02 2.343698911538e-02 2.226352772594e-02 0.000000000000e+00 0.000000000000e+00 0.000000000000e+00 
1.991695019912e-02 2.340284263125e-02 2.216641550080e-02 0.000000000000e+00 0.000000000000e+00 0.000000000000e+00 
1.984941462045e-02 2.336773958003e-02 2.206900764577e-02 0.000000000000e+00 0.000000000000e+00 0.000000000000e+00 
1.978323193668e-02 2.333249553438e-02 2.197142580023e-02 0.000000000000e+00 0.000000000000e+00 0.000000000000e+00 
1.971824993747e-02 2.329699880317e-02 2.187359723153e-02 0.000000000000e+00 0.000000000000e+00 0.000000000000e+00 
1.965524945523e-02 2.326051810129e-02 2.177577431534e-02 0.000000000000e+00 0.000000000000e+00 0.000000000000e+00 
1.959364077521e-02 2.322390072070e-02 2.167785491884e-02 0.000000000000e+00 0.000000000000e+00 0.000000000000e+00 
1.953323130504e-02 2.318688185955e-02 2.157986634765e-02 0.000000000000e+00 0.000000000000e+00 0.000000000000e+00 
1.947493022988e-02 2.314894638214e-02 2.148205291709e-02 0.000000000000e+00 0.000000000000e+00 0.000000000000e+00 
1.941787688589e-02 2.311054558946e-02 2.138429547809e-02 0.000000000000e+00 0.000000000000e+00 0.000000000000e+00 
1.936210433379e-02 2.307172493912e-02 2.128658653713e-02 0.000000000000e+00 0.000000000000e+00 0.000000000000e+00 
1.930825440743e-02 2.303183612882e-02 2.118916194623e-02 0.000000000000e+00 0.000000000000e+00 0.000000000000e+00 
1.925557064958e-02 2.299144473999e-02 2.109184955481e-02 0.000000000000e+00 0.000000000000e+00 0.000000000000e+00 
1.920413861099e-02 2.295055845302e-02 2.099478975058e-02 0.000000000000e+00 0.000000000000e+00 0.000000000000e+00 
1.915466320193e-02 2.290852455763e-02 2.089840370581e-02 0.000000000000e+00 0.000000000000e+00 0.000000000000e+00 
1.910639028444e-02 2.286596917103e-02 2.080223856422e-02 0.000000000000e+00 0.000000000000e+00 0.000000000000e+00 
1.905929049431e-02 2.282277047024e-02 2.070638288488e-02 0.000000000000e+00 0.000000000000e+00 0.000000000000e+00 
1.901396238936e-02 2.277837601355e-02 2.061125879367e-02 0.000000000000e+00 0.000000000000e+00 0.000000000000e+00 
1.896982457015e-02 2.273341663432e-02 2.051650523654e-02 0.000000000000e+00 0.000000000000e+00 0.000000000000e+00 
1.892681900615e-02 2.268784468824e-02 2.042223917855e-02 0.000000000000e+00 0.000000000000e+00 0.000000000000e+00 
1.888544312726e-02 2.264102657380e-02 2.032893409985e-02 0.000000000000e+00 0.000000000000e+00 0.000000000000e+00 
1.884514245254e-02 2.259343713146e-02 2.023607324965e-02 0.000000000000e+00 0.000000000000e+00 0.000000000000e+00 
1.880589885659e-02 2.254523848680e-02 2.014370299631e-02 0.000000000000e+00 0.000000000000e+00 0.000000000000e+00 
1.876817141500e-02 2.249570313235e-02 2.005244501940e-02 0.000000000000e+00 0.000000000000e+00 0.000000000000e+00 
1.873125683915e-02 2.244550375322e-02 1.996172877364e-02 0.000000000000e+00 0.000000000000e+00 0.000000000000e+00 
1.869537094198e-02 2.239453800264e-02 1.987172634004e-02 0.000000000000e+00 0.000000000000e+00 0.000000000000e+00 
1.866072675399e-02 2.234217509967e-02 1.978303444243e-02 0.000000000000e+00 0.000000000000e+00 0.000000000000e+00 
1.862696489292e-02 2.228906407757e-02 1.969501781004e-02 0.000000000000e+00 0.000000000000e+00 0.000000000000e+00 
1.859411555677e-02 2.223523967287e-02 1.960771890848e-02 0.000000000000e+00 0.000000000000e+00 0.000000000000e+00 
1.856219607810e-02 2.218000636872e-02 1.952188586311e-02 0.000000000000e+00 0.000000000000e+00 0.000000000000e+00 
1.853109992850e-02 2.212404744900e-02 1.943675910701e-02 0.000000000000e+00 0.000000000000e+00 0.000000000000e+00 
1.850077426903e-02 2.206729633060e-02 1.935243907017e-02 0.000000000000e+00 0.000000000000e+00 0.000000000000e+00 
1.847121331521e-02 2.200916833684e-02 1.926962465580e-02 0.000000000000e+00 0.000000000000e+00 0.000000000000e+00 
1.844241513857e-02 2.195031895730e-02 1.918777501884e-02 0.000000000000e+00 0.000000000000e+00 0.000000000000e+00 
1.841413543978e-02 2.189069207029e-02 1.910666408836e-02 0.000000000000e+00 0.000000000000e+00 0.000000000000e+00 
1.838642996384e-02 2.182979316679e-02 1.902703909200e-02 0.000000000000e+00 0.000000000000e+00 0.000000000000e+00 
1.835904814219e-02 2.176808065836e-02 1.894840081387e-02 0.000000000000e+00 0.000000000000e+00 0.000000000000e+00 
1.833223824589e-02 2.170556321489e-02 1.887074725328e-02 0.000000000000e+00 0.000000000000e+00 0.000000000000e+00 
1.830587670619e-02 2.164185423225e-02 1.879484400581e-02 0.000000000000e+00 0.000000000000e+00 0.000000000000e+00 
1.827974248194e-02 2.157728846116e-02 1.871980343292e-02 0.000000000000e+00 0.000000000000e+00 0.000000000000e+00 
1.825395248470e-02 2.151192170868e-02 1.864570951936e-02 0.000000000000e+00 0.000000000000e+00 0.000000000000e+00 
1.822823857595e-02 2.144554119836e-02 1.857323490547e-02 0.000000000000e+00 0.000000000000e+00 0.000000000000e+00 
1.820277256528e-02 2.137830693811e-02 1.850174893597e-02 0.000000000000e+00 0.000000000000e+00 0.000000000000e+00 
1.817744914254e-02 2.131030238229e-02 1.843118838595e-02 0.000000000000e+00 0.000000000000e+00 0.000000000000e+00 
1.815198126728e-02 2.124110502466e-02 1.836246645637e-02 0.000000000000e+00 0.000000000000e+00 0.000000000000e+00 
1.812662577007e-02 2.117126424844e-02 1.829465330319e-02 0.000000000000e+00 0.000000000000e+00 0.000000000000e+00 
1.810130886169e-02 2.110076870265e-02 1.822773889089e-02 0.000000000000e+00 0.000000000000e+00 0.000000000000e+00 
1.807568257342e-02 2.102933407097e-02 1.816258140310e-02 0.000000000000e+00 0.000000000000e+00 0.000000000000e+00 
1.805004595939e-02 2.095725442525e-02 1.809845026297e-02 0.000000000000e+00 0.000000000000e+00 0.000000000000e+00 
1.802433559857e-02 2.088457191289e-02 1.803522450474e-02 0.000000000000e+00 0.000000000000e+00 0.000000000000e+00 
1.799809257085e-02 2.081103688364e-02 1.797372583041e-02 0.000000000000e+00 0.000000000000e+00 0.000000000000e+00 
1.797155046806e-02 2.073707351212e-02 1.791318159030e-02 0.000000000000e+00 0.000000000000e+00 0.000000000000e+00 
1.794475420946e-02 2.066278699617e-02 1.785365581064e-02 0.000000000000e+00 0.000000000000e+00 0.000000000000e+00 
1.791735457380e-02 2.058796625450e-02 1.779577561766e-02 0.000000000000e+00 0.000000000000e+00 0.000000000000e+00 
1.788966136734e-02 2.051278197410e-02 1.773888831160e-02 0.000000000000e+00 0.000000000000e+00 0.000000000000e+00 
1.786166629565e-02 2.043739238658e-02 1.768296080755e-02 0.000000000000e+00 0.000000000000e+00 0.000000000000e+00 
1.783283828134e-02 2.036170729974e-02 1.762864605317e-02 0.000000000000e+00 0.000000000000e+00 0.000000000000e+00 
1.780379479971e-02 2.028590628125e-02 1.757523303696e-02 0.000000000000e+00 0.000000000000e+00 0.000000000000e+00 
1.777441455759e-02 2.020996551294e-02 1.752275225101e-02 0.000000000000e+00 0.000000000000e+00 0.000000000000e+00 
1.774404449439e-02 2.013395253057e-02 1.747181752567e-02 0.000000000000e+00 0.000000000000e+00 0.000000000000e+00 
1.771323790451e-02 2.005780005441e-02 1.742166237423e-02 0.000000000000e+00 0.000000000000e+00 0.000000000000e+00 
1.768197981928e-02 1.998149013093e-02 1.737230654160e-02 0.000000000000e+00 0.000000000000e+00 0.000000000000e+00 
1.764959117541e-02 1.990513214425e-02 1.732442743787e-02 0.000000000000e+00 0.000000000000e+00 0.000000000000e+00 
1.761682544883e-02 1.982877668577e-02 1.727727155753e-02 0.000000000000e+00 0.000000000000e+00 0.000000000000e+00 
1.758356586645e-02 1.975227898124e-02 1.723084837010e-02 0.000000000000e+00 0.000000000000e+00 0.000000000000e+00 
1.754923822812e-02 1.967589288880e-02 1.718569240919e-02 0.000000000000e+00 0.000000000000e+00 0.000000000000e+00 
1.751440007463e-02 1.959953109210e-02 1.714132156239e-02 0.000000000000e+00 0.000000000000e+00 0.000000000000e+00 
1.747902713501e-02 1.952316307482e-02 1.709763548410e-02 0.000000000000e+00 0.000000000000e+00 0.000000000000e+00 
1.744251797530e-02 1.944694199366e-02 1.705499091462e-02 0.000000000000e+00 0.000000000000e+00 0.000000000000e+00 
1.740540298446e-02 1.937074396421e-02 1.701296751620e-02 0.000000000000e+00 0.000000000000e+00 0.000000000000e+00 
1.736766441294e-02 1.929456907951e-02 1.697155103610e-02 0.000000000000e+00 0.000000000000e+00 0.000000000000e+00 
1.732885085315e-02 1.921875061375e-02 1.693112433697e-02 0.000000000000e+00 0.000000000000e+00 0.000000000000e+00 
1.728944225400e-02 1.914300841719e-02 1.689128760433e-02 0.000000000000e+00 0.000000000000e+00 0.000000000000e+00 
1.724950016206e-02 1.906735000778e-02 1.685195183001e-02 0.000000000000e+00 0.000000000000e+00 0.000000000000e+00 
1.720855768909e-02 1.899212172807e-02 1.681331525195e-02 0.000000000000e+00 0.000000000000e+00 0.000000000000e+00 
1.716691193660e-02 1.891689285337e-02 1.677517141526e-02 0.000000000000e+00 0.000000000000e+00 0.000000000000e+00 
1.712457455262e-02 1.884178410870e-02 1.673754219871e-02 0.000000000000e+00 0.000000000000e+00 0.000000000000e+00 
1.708122870070e-02 1.876720103079e-02 1.670051759930e-02 0.000000000000e+00 0.000000000000e+00 0.000000000000e+00 
1.703718739905e-02 1.869280982015e-02 1.666398138535e-02 0.000000000000e+00 0.000000000000e+00 0.000000000000e+00 
1.699260547503e-02 1.861855079360e-02 1.662781486782e-02 0.000000000000e+00 0.000000000000e+00 0.000000000000e+00 
1.694692773545e-02 1.854477440347e-02 1.659200755433e-02 0.000000000000e+00 0.000000000000e+00 0.000000000000e+00 
1.690072889287e-02 1.847120824128e-02 1.655654742855e-02 0.000000000000e+00 0.000000000000e+00 0.000000000000e+00 
1.685394329792e-02 1.839783101174e-02 1.652137250241e-02 0.000000000000e+00 0.000000000000e+00 0.000000000000e+00 
1.680599908434e-02 1.832507257080e-02 1.648650551727e-02 0.000000000000e+00 0.000000000000e+00 0.000000000000e+00 
1.675762022814e-02 1.825249384426e-02 1.645186059494e-02 0.000000000000e+00 0.000000000000e+00 0.000000000000e+00 
1.670862981565e-02 1.818013763435e-02 1.641745719818e-02 0.000000000000e+00 0.000000000000e+00 0.000000000000e+00 
1.665872653566e-02 1.810855373353e-02 1.638328591106e-02 0.000000000000e+00 0.000000000000e+00 0.000000000000e+00 
1.660816785526e-02 1.803708127376e-02 1.634929157495e-02 0.000000000000e+00 0.000000000000e+00 0.000000000000e+00 
1.655713980134e-02 1.796578730349e-02 1.631546593812e-02 0.000000000000e+00 0.000000000000e+00 0.000000000000e+00 
1.650525560681e-02 1.789523852064e-02 1.628170746716e-02 0.000000000000e+00 0.000000000000e+00 0.000000000000e+00 
1.645292863975e-02 1.782499356782e-02 1.624811550388e-02 0.000000000000e+00 0.000000000000e+00 0.000000000000e+00 
1.640010977767e-02 1.775484466651e-02 1.621456094283e-02 0.000000000000e+00 0.000000000000e+00 0.000000000000e+00 
1.634655172553e-02 1.768543562049e-02 1.618110782836e-02 0.000000000000e+00 0.000000000000e+00 0.000000000000e+00 
1.629252129637e-02 1.761630773303e-02 1.614769676715e-02 0.000000000000e+00 0.000000000000e+00 0.000000000000e+00 
1.623800818851e-02 1.754738245361e-02 1.611425721644e-02 0.000000000000e+00 0.000000000000e+00 0.000000000000e+00 
1.618277075364e-02 1.747927408885e-02 1.608083173106e-02 0.000000000000e+00 0.000000000000e+00 0.000000000000e+00 
1.612704796467e-02 1.741140131629e-02 1.604743602960e-02 0.000000000000e+00 0.000000000000e+00 0.000000000000e+00 
1.607101863054e-02 1.734385929928e-02 1.601402079265e-02 0.000000000000e+00 0.000000000000e+00 0.000000000000e+00 
1.601445989433e-02 1.727696279203e-02 1.598046651608e-02 0.000000000000e+00 0.000000000000e+00 0.000000000000e+00 
1.595755589176e-02 1.721039383852e-02 1.594686721841e-02 0.000000000000e+00 0.000000000000e+00 0.000000000000e+00 
1.590024453850e-02 1.714418184210e-02 1.591325250161e-02 0.000000000000e+00 0.000000000000e+00 0.000000000000e+00 
1.584253103649e-02 1.707864743408e-02 1.587940764684e-02 0.000000000000e+00 0.000000000000e+00 0.000000000000e+00 
1.578455815057e-02 1.701343668367e-02 1.584554233690e-02 0.000000000000e+00 0.000000000000e+00 0.000000000000e+00 
1.572623008652e-02 1.694854387315e-02 1.581161149682e-02 0.000000000000e+00 0.000000000000e+00 0.000000000000e+00 
1.566768454360e-02 1.688426255483e-02 1.577747247937e-02 0.000000000000e+00 0.000000000000e+00 0.000000000000e+00 
1.560864250216e-02 1.682033387046e-02 1.574316598460e-02 0.000000000000e+00 0.000000000000e+00 0.000000000000e+00 
1.554940500694e-02 1.675675175666e-02 1.570878360649e-02 0.000000000000e+00 0.000000000000e+00 0.000000000000e+00 
1.549002083303e-02 1.669382844690e-02 1.567424031046e-02 0.000000000000e+00 0.000000000000e+00 0.000000000000e+00 
1.543031506713e-02 1.663124402784e-02 1.563958742362e-02 0.000000000000e+00 0.000000000000e+00 0.000000000000e+00 
1.537042221089e-02 1.656903005609e-02 1.560493146291e-02 0.000000000000e+00 0.000000000000e+00 0.000000000000e+00 
1.531045787016e-02 1.650763333814e-02 1.556985749553e-02 0.000000000000e+00 0.000000000000e+00 0.000000000000e+00 
1.525034327178e-02 1.644640331202e-02 1.553482027748e-02 0.000000000000e+00 0.000000000000e+00 0.000000000000e+00 
1.519006341865e-02 1.638552238805e-02 1.549960787554e-02 0.000000000000e+00 0.000000000000e+00 0.000000000000e+00 
1.512975372156e-02 1.632539070960e-02 1.546409487799e-02 0.000000000000e+00 0.000000000000e+00 0.000000000000e+00 
1.506931074646e-02 1.626555169138e-02 1.542843701106e-02 0.000000000000e+00 0.000000000000e+00 0.000000000000e+00 
1.500878538853e-02 1.620603218135e-02 1.539268474341e-02 0.000000000000e+00 0.000000000000e+00 0.000000000000e+00 
1.494834577916e-02 1.614712236424e-02 1.535658603168e-02 0.000000000000e+00 0.000000000000e+00 0.000000000000e+00 
1.488775450443e-02 1.608866387584e-02 1.532046620183e-02 0.000000000000e+00 0.000000000000e+00 0.000000000000e+00 
1.482711104119e-02 1.603050464703e-02 1.528424468506e-02 0.000000000000e+00 0.000000000000e+00 0.000000000000e+00 
1.476648100170e-02 1.597292586105e-02 1.524772991042e-02 0.000000000000e+00 0.000000000000e+00 0.000000000000e+00 
1.470590307141e-02 1.591562378816e-02 1.521112836449e-02 0.000000000000e+00 0.000000000000e+00 0.000000000000e+00 
1.464520251771e-02 1.585867773026e-02 1.517443210250e-02 0.000000000000e+00 0.000000000000e+00 0.000000000000e+00 
1.458460423788e-02 1.580222793255e-02 1.513746376445e-02 0.000000000000e+00 0.000000000000e+00 0.000000000000e+00 
1.452396549689e-02 1.574615418981e-02 1.510035149095e-02 0.000000000000e+00 0.000000000000e+00 0.000000000000e+00 
1.446332893514e-02 1.569037333742e-02 1.506312582893e-02 0.000000000000e+00 0.000000000000e+00 0.000000000000e+00 
1.440273711419e-02 1.563498262014e-02 1.502568187508e-02 0.000000000000e+00 0.000000000000e+00 0.000000000000e+00 
1.434201341823e-02 1.557982695877e-02 1.498816008791e-02 0.000000000000e+00 0.000000000000e+00 0.000000000000e+00 
1.428128230433e-02 1.552493296844e-02 1.495054064484e-02 0.000000000000e+00 0.000000000000e+00 0.000000000000e+00 
1.422071992327e-02 1.547050129047e-02 1.491268151869e-02 0.000000000000e+00 0.000000000000e+00 0.000000000000e+00 
1.416003070525e-02 1.541628385488e-02 1.487477774560e-02 0.000000000000e+00 0.000000000000e+00 0.000000000000e+00 
1.409926308528e-02 1.536223833147e-02 1.483680022997e-02 0.000000000000e+00 0.000000000000e+00 0.000000000000e+00 
1.403865373848e-02 1.530848720443e-02 1.479847387900e-02 0.000000000000e+00 0.000000000000e+00 0.000000000000e+00 
1.397797223524e-02 1.525500470462e-02 1.476014833372e-02 0.000000000000e+00 0.000000000000e+00 0.000000000000e+00 
1.391722341953e-02 1.520178705797e-02 1.472173397203e-02 0.000000000000e+00 0.000000000000e+00 0.000000000000e+00 
1.385660996819e-02 1.514876751697e-02 1.468309716764e-02 0.000000000000e+00 0.000000000000e+00 0.000000000000e+00 
1.379600316890e-02 1.509596333701e-02 1.464449339811e-02 0.000000000000e+00 0.000000000000e+00 0.000000000000e+00 
1.373527337914e-02 1.504334232299e-02 1.460576931157e-02 0.000000000000e+00 0.000000000000e+00 0.000000000000e+00 
1.367459464898e-02 1.499109082586e-02 1.456683388876e-02 0.000000000000e+00 0.000000000000e+00 0.000000000000e+00 
1.361387795605e-02 1.493897257703e-02 1.452782141059e-02 0.000000000000e+00 0.000000000000e+00 0.000000000000e+00 
1.355315296985e-02 1.488702438043e-02 1.448874226080e-02 0.000000000000e+00 0.000000000000e+00 0.000000000000e+00 
1.349262012041e-02 1.483536558181e-02 1.444953060723e-02 0.000000000000e+00 0.000000000000e+00 0.000000000000e+00 
1.343206605759e-02 1.478387019236e-02 1.441026567981e-02 0.000000000000e+00 0.000000000000e+00 0.000000000000e+00 
1.337138954258e-02 1.473254454192e-02 1.437100346246e-02 0.000000000000e+00 0.000000000000e+00 0.000000000000e+00 
1.331094758842e-02 1.468142267761e-02 1.433178452259e-02 0.000000000000e+00 0.000000000000e+00 0.000000000000e+00 
1.325042783704e-02 1.463053757147e-02 1.429239059483e-02 0.000000000000e+00 0.000000000000e+00 0.000000000000e+00 
1.318986068555e-02 1.457982418984e-02 1.425290001251e-02 0.000000000000e+00 0.000000000000e+00 0.000000000000e+00 
1.312950763786e-02 1.452929543628e-02 1.421345197906e-02 0.000000000000e+00 0.000000000000e+00 0.000000000000e+00 
1.306906346624e-02 1.447893297271e-02 1.417386119085e-02 0.000000000000e+00 0.000000000000e+00 0.000000000000e+00 
1.300845260916e-02 1.442867350768e-02 1.413422421447e-02 0.000000000000e+00 0.000000000000e+00 0.000000000000e+00 
1.294815923176e-02 1.437864012535e-02 1.409455812290e-02 0.000000000000e+00 0.000000000000e+00 0.000000000000e+00 
1.288776524410e-02 1.432884704659e-02 1.405493643493e-02 0.000000000000e+00 0.000000000000e+00 0.000000000000e+00 
1.282731706249e-02 1.427919955133e-02 1.401529767047e-02 0.000000000000e+00 0.000000000000e+00 0.000000000000e+00 
1.276700706274e-02 1.422986586433e-02 1.397551233838e-02 0.000000000000e+00 0.000000000000e+00 0.000000000000e+00 
1.270666827681e-02 1.418067680357e-02 1.393579353088e-02 0.000000000000e+00 0.000000000000e+00 0.000000000000e+00 
1.264626218654e-02 1.413166370874e-02 1.389600742657e-02 0.000000000000e+00 0.000000000000e+00 0.000000000000e+00 
1.258596787305e-02 1.408280680522e-02 1.385633520691e-02 0.000000000000e+00 0.000000000000e+00 0.000000000000e+00 
1.252565711430e-02 1.403421966127e-02 1.381666581241e-02 0.000000000000e+00 0.000000000000e+00 0.000000000000e+00 
1.246532925583e-02 1.398580721448e-02 1.377696306088e-02 0.000000000000e+00 0.000000000000e+00 0.000000000000e+00 
1.240521051022e-02 1.393749633837e-02 1.373717917452e-02 0.000000000000e+00 0.000000000000e+00 0.000000000000e+00 
1.234508945903e-02 1.388953684311e-02 1.369746815681e-02 0.000000000000e+00 0.000000000000e+00 0.000000000000e+00 
1.228490384086e-02 1.384177072808e-02 1.365778543729e-02 0.000000000000e+00 0.000000000000e+00 0.000000000000e+00 
1.222489276196e-02 1.379428419845e-02 1.361811934620e-02 0.000000000000e+00 0.000000000000e+00 0.000000000000e+00 
1.216488328579e-02 1.374699782843e-02 1.357849560953e-02 0.000000000000e+00 0.000000000000e+00 0.000000000000e+00 
1.210489332540e-02 1.369996608711e-02 1.353882354680e-02 0.000000000000e+00 0.000000000000e+00 0.000000000000e+00 
1.204504242416e-02 1.365309771048e-02 1.349932225230e-02 0.000000000000e+00 0.000000000000e+00 0.000000000000e+00 
1.198508814133e-02 1.360646063130e-02 1.345968252995e-02 0.000000000000e+00 0.000000000000e+00 0.000000000000e+00 
1.192511239760e-02 1.356008403358e-02 1.342006287633e-02 0.000000000000e+00 0.000000000000e+00 0.000000000000e+00 
1.186550266272e-02 1.351414793314e-02 1.338058936106e-02 0.000000000000e+00 0.000000000000e+00 0.000000000000e+00 
1.180585389387e-02 1.346834976366e-02 1.334099643675e-02 0.000000000000e+00 0.000000000000e+00 0.000000000000e+00 
1.174613006135e-02 1.342276126385e-02 1.330141956143e-02 0.000000000000e+00 0.000000000000e+00 0.000000000000e+00 
1.168673015875e-02 1.337749644264e-02 1.326199585683e-02 0.000000000000e+00 0.000000000000e+00 0.000000000000e+00 
1.162721575503e-02 1.333244002130e-02 1.322249312278e-02 0.000000000000e+00 0.000000000000e+00 0.000000000000e+00 
1.156775170237e-02 1.328767326397e-02 1.318310075697e-02 0.000000000000e+00 0.000000000000e+00 0.000000000000e+00 
1.150864400714e-02 1.324324654399e-02 1.314386750709e-02 0.000000000000e+00 0.000000000000e+00 0.000000000000e+00 
1.144963047085e-02 1.319915440993e-02 1.310464227156e-02 0.000000000000e+00 0.000000000000e+00 0.000000000000e+00 
1.139058934857e-02 1.315529871369e-02 1.306532301380e-02 0.000000000000e+00 0.000000000000e+00 0.000000000000e+00 
1.133176254843e-02 1.311171037945e-02 1.302605827813e-02 0.000000000000e+00 0.000000000000e+00 0.000000000000e+00 
1.127297469617e-02 1.306834093949e-02 1.298679135421e-02 0.000000000000e+00 0.000000000000e+00 0.000000000000e+00 
1.121422038321e-02 1.302529786811e-02 1.294758059234e-02 0.000000000000e+00 0.000000000000e+00 0.000000000000e+00 
1.115575855256e-02 1.298265919760e-02 1.290847295681e-02 0.000000000000e+00 0.000000000000e+00 0.000000000000e+00 
1.109740785206e-02 1.294024087860e-02 1.286937022564e-02 0.000000000000e+00 0.000000000000e+00 0.000000000000e+00 
1.103915325157e-02 1.289811361575e-02 1.283027026858e-02 0.000000000000e+00 0.000000000000e+00 0.000000000000e+00 
1.098122486002e-02 1.285640716834e-02 1.279126289315e-02 0.000000000000e+00 0.000000000000e+00 0.000000000000e+00 
1.092331600664e-02 1.281498658029e-02 1.275221276065e-02 0.000000000000e+00 0.000000000000e+00 0.000000000000e+00 
1.086549877377e-02 1.277386529657e-02 1.271313162203e-02 0.000000000000e+00 0.000000000000e+00 0.000000000000e+00 
1.080796289136e-02 1.273303923252e-02 1.267420856069e-02 0.000000000000e+00 0.000000000000e+00 0.000000000000e+00 
1.075055089200e-02 1.269258039339e-02 1.263533359092e-02 0.000000000000e+00 0.000000000000e+00 0.000000000000e+00 
1.069325919396e-02 1.265239328077e-02 1.259637578443e-02 0.000000000000e+00 0.000000000000e+00 0.000000000000e+00 
1.063633252619e-02 1.261257649753e-02 1.255752032048e-02 0.000000000000e+00 0.000000000000e+00 0.000000000000e+00 
1.057946987761e-02 1.257307696064e-02 1.251859691154e-02 0.000000000000e+00 0.000000000000e+00 0.000000000000e+00 
1.052273444636e-02 1.253393555259e-02 1.247971897817e-02 0.000000000000e+00 0.000000000000e+00 0.000000000000e+00 
1.046640016060e-02 1.249512126518e-02 1.244091808917e-02 0.000000000000e+00 0.000000000000e+00 0.000000000000e+00 
1.041021248486e-02 1.245659032399e-02 1.240209353612e-02 0.000000000000e+00 0.000000000000e+00 0.000000000000e+00 
1.035405396536e-02 1.241839932871e-02 1.236325156532e-02 0.000000000000e+00 0.000000000000e+00 0.000000000000e+00 
1.029824172525e-02 1.238054721117e-02 1.232448521888e-02 0.000000000000e+00 0.000000000000e+00 0.000000000000e+00 
1.024268211032e-02 1.234309024536e-02 1.228580147828e-02 0.000000000000e+00 0.000000000000e+00 0.000000000000e+00 
1.018727800856e-02 1.230595125549e-02 1.224710409722e-02 0.000000000000e+00 0.000000000000e+00 0.000000000000e+00 
1.013201580672e-02 1.226911895460e-02 1.220844916830e-02 0.000000000000e+00 0.000000000000e+00 0.000000000000e+00 
1.007706545959e-02 1.223263316105e-02 1.216979165769e-02 0.000000000000e+00 0.000000000000e+00 0.000000000000e+00 
1.002232382021e-02 1.219646946710e-02 1.213111545843e-02 0.000000000000e+00 0.000000000000e+00 0.000000000000e+00 
9.968095880823e-03 1.216061337198e-02 1.209258833058e-02 0.000000000000e+00 0.000000000000e+00 0.000000000000e+00 
9.913916253402e-03 1.212517342619e-02 1.205410126034e-02 0.000000000000e+00 0.000000000000e+00 0.000000000000e+00 
9.859954934260e-03 1.209003748410e-02 1.201547121194e-02 0.000000000000e+00 0.000000000000e+00 0.000000000000e+00 
9.806435019234e-03 1.205511640951e-02 1.197687556872e-02 0.000000000000e+00 0.000000000000e+00 0.000000000000e+00 
9.752992798484e-03 1.202061428855e-02 1.193828271612e-02 0.000000000000e+00 0.000000000000e+00 0.000000000000e+00 
9.699799135370e-03 1.198635243095e-02 1.189965400745e-02 0.000000000000e+00 0.000000000000e+00 0.000000000000e+00 
9.646855163483e-03 1.195247567966e-02 1.186107356838e-02 0.000000000000e+00 0.000000000000e+00 0.000000000000e+00 
9.594225604637e-03 1.191894102477e-02 1.182251012798e-02 0.000000000000e+00 0.000000000000e+00 0.000000000000e+00 
9.541763619669e-03 1.188559596752e-02 1.178389945820e-02 0.000000000000e+00 0.000000000000e+00 0.000000000000e+00 
9.489663151959e-03 1.185266077547e-02 1.174542244975e-02 0.000000000000e+00 0.000000000000e+00 0.000000000000e+00 
9.437741151778e-03 1.181992799124e-02 1.170679502713e-02 0.000000000000e+00 0.000000000000e+00 0.000000000000e+00 
9.386057544975e-03 1.178751223781e-02 1.166813426417e-02 0.000000000000e+00 0.000000000000e+00 0.000000000000e+00 
9.334657696504e-03 1.175540690707e-02 1.162956861038e-02 0.000000000000e+00 0.000000000000e+00 0.000000000000e+00 
9.283506481673e-03 1.172367209511e-02 1.159096122001e-02 0.000000000000e+00 0.000000000000e+00 0.000000000000e+00 
9.232630145624e-03 1.169219868647e-02 1.155232617949e-02 0.000000000000e+00 0.000000000000e+00 0.000000000000e+00 
9.182198288447e-03 1.166098395976e-02 1.151372241646e-02 0.000000000000e+00 0.000000000000e+00 0.000000000000e+00 
9.131836587133e-03 1.163007828095e-02 1.147507534303e-02 0.000000000000e+00 0.000000000000e+00 0.000000000000e+00 
9.081797988179e-03 1.159939564376e-02 1.143636337758e-02 0.000000000000e+00 0.000000000000e+00 0.000000000000e+00 
9.032200866146e-03 1.156899213937e-02 1.139771661652e-02 0.000000000000e+00 0.000000000000e+00 0.000000000000e+00 
8.982813351396e-03 1.153888149365e-02 1.135909371772e-02 0.000000000000e+00 0.000000000000e+00 0.000000000000e+00 
8.933467557895e-03 1.150908258986e-02 1.132040925186e-02 0.000000000000e+00 0.000000000000e+00 0.000000000000e+00 
8.884312203859e-03 1.147965536264e-02 1.128186637027e-02 0.000000000000e+00 0.000000000000e+00 0.000000000000e+00 
8.835454419365e-03 1.145035230389e-02 1.124324271953e-02 0.000000000000e+00 0.000000000000e+00 0.000000000000e+00 
8.786720595442e-03 1.142136218119e-02 1.120455057120e-02 0.000000000000e+00 0.000000000000e+00 0.000000000000e+00 
8.738087331357e-03 1.139272011939e-02 1.116591797000e-02 0.000000000000e+00 0.000000000000e+00 0.000000000000e+00 
8.689676691340e-03 1.136424048325e-02 1.112726835227e-02 0.000000000000e+00 0.000000000000e+00 0.000000000000e+00 
8.641425231489e-03 1.133612323759e-02 1.108857630102e-02 0.000000000000e+00 0.000000000000e+00 0.000000000000e+00 
8.593414125693e-03 1.130821014838e-02 1.104988217247e-02 0.000000000000e+00 0.000000000000e+00 0.000000000000e+00 
8.545615141320e-03 1.128061321067e-02 1.101122208288e-02 0.000000000000e+00 0.000000000000e+00 0.000000000000e+00 
8.497961277998e-03 1.125327665498e-02 1.097253768061e-02 0.000000000000e+00 0.000000000000e+00 0.000000000000e+00 
8.450645367011e-03 1.122624650366e-02 1.093390551050e-02 0.000000000000e+00 0.000000000000e+00 0.000000000000e+00 
8.403563706624e-03 1.119944230358e-02 1.089526604625e-02 0.000000000000e+00 0.000000000000e+00 0.000000000000e+00 
8.356672050907e-03 1.117294600742e-02 1.085659656624e-02 0.000000000000e+00 0.000000000000e+00 0.000000000000e+00 
8.310096410128e-03 1.114669906945e-02 1.081809196746e-02 0.000000000000e+00 0.000000000000e+00 0.000000000000e+00 
8.263659727272e-03 1.112077560977e-02 1.077949874895e-02 0.000000000000e+00 0.000000000000e+00 0.000000000000e+00 
8.217393521393e-03 1.109510327284e-02 1.074085984726e-02 0.000000000000e+00 0.000000000000e+00 0.000000000000e+00 
8.171426083184e-03 1.106974890870e-02 1.070226688146e-02 0.000000000000e+00 0.000000000000e+00 0.000000000000e+00 
8.125686070222e-03 1.104467247134e-02 1.066370650077e-02 0.000000000000e+00 0.000000000000e+00 0.000000000000e+00 
8.080150424658e-03 1.101980744491e-02 1.062510271998e-02 0.000000000000e+00 0.000000000000e+00 0.000000000000e+00 
8.034860853170e-03 1.099516097149e-02 1.058655136148e-02 0.000000000000e+00 0.000000000000e+00 0.000000000000e+00 
7.989905631677e-03 1.097069820336e-02 1.054794839940e-02 0.000000000000e+00 0.000000000000e+00 0.000000000000e+00 
7.945158560533e-03 1.094648779184e-02 1.050930761909e-02 0.000000000000e+00 0.000000000000e+00 0.000000000000e+00 
7.900699123830e-03 1.092260256906e-02 1.047080308641e-02 0.000000000000e+00 0.000000000000e+00 0.000000000000e+00 
7.856513600762e-03 1.089899501611e-02 1.043222975101e-02 0.000000000000e+00 0.000000000000e+00 0.000000000000e+00 
7.812543050836e-03 1.087556751383e-02 1.039364398406e-02 0.000000000000e+00 0.000000000000e+00 0.000000000000e+00 
7.768888433703e-03 1.085226925019e-02 1.035512312017e-02 0.000000000000e+00 0.000000000000e+00 0.000000000000e+00 
7.725441963775e-03 1.082925400200e-02 1.031661769361e-02 0.000000000000e+00 0.000000000000e+00 0.000000000000e+00 
7.682243027017e-03 1.080649974114e-02 1.027809682346e-02 0.000000000000e+00 0.000000000000e+00 0.000000000000e+00 
7.639400502896e-03 1.078406739145e-02 1.023958480461e-02 0.000000000000e+00 0.000000000000e+00 0.000000000000e+00 
7.596805350994e-03 1.076179347206e-02 1.020117164862e-02 0.000000000000e+00 0.000000000000e+00 0.000000000000e+00 
7.554433869986e-03 1.073972934973e-02 1.016269624330e-02 0.000000000000e+00 0.000000000000e+00 0.000000000000e+00 
7.512361432772e-03 1.071801511051e-02 1.012427660524e-02 0.000000000000e+00 0.000000000000e+00 0.000000000000e+00 
7.470537208892e-03 1.069637769990e-02 1.008581381618e-02 0.000000000000e+00 0.000000000000e+00 0.000000000000e+00 
7.429026380088e-03 1.067495868336e-02 1.004737505751e-02 0.000000000000e+00 0.000000000000e+00 0.000000000000e+00 
7.387675462782e-03 1.065385982853e-02 1.000888191862e-02 0.000000000000e+00 0.000000000000e+00 0.000000000000e+00 
7.346642155724e-03 1.063289914932e-02 9.970420795358e-03 0.000000000000e+00 0.000000000000e+00 0.000000000000e+00 
7.305894186584e-03 1.061221160144e-02 9.931967093816e-03 0.000000000000e+00 0.000000000000e+00 0.000000000000e+00 
7.265502608994e-03 1.059170223227e-02 9.893539571344e-03 0.000000000000e+00 0.000000000000e+00 0.000000000000e+00 
7.225391559113e-03 1.057147697428e-02 9.855158108684e-03 0.000000000000e+00 0.000000000000e+00 0.000000000000e+00 
7.185596483890e-03 1.055139432384e-02 9.816794858864e-03 0.000000000000e+00 0.000000000000e+00 0.000000000000e+00 
7.146063490686e-03 1.053152153489e-02 9.778441536170e-03 0.000000000000e+00 0.000000000000e+00 0.000000000000e+00 
7.106877290427e-03 1.051181700025e-02 9.740167958175e-03 0.000000000000e+00 0.000000000000e+00 0.000000000000e+00 
7.068022765391e-03 1.049233657328e-02 9.701967400768e-03 0.000000000000e+00 0.000000000000e+00 0.000000000000e+00 
7.029306516698e-03 1.047302351787e-02 9.663746624665e-03 0.000000000000e+00 0.000000000000e+00 0.000000000000e+00 
6.990941772026e-03 1.045389116482e-02 9.625537497776e-03 0.000000000000e+00 0.000000000000e+00 0.000000000000e+00 
6.952818996492e-03 1.043486773541e-02 9.587265929677e-03 0.000000000000e+00 0.000000000000e+00 0.000000000000e+00 
6.915113697640e-03 1.041615762240e-02 9.549124481827e-03 0.000000000000e+00 0.000000000000e+00 0.000000000000e+00 
6.877679068711e-03 1.039760846728e-02 9.511000997541e-03 0.000000000000e+00 0.000000000000e+00 0.000000000000e+00 
6.840473082272e-03 1.037917011121e-02 9.472817884801e-03 0.000000000000e+00 0.000000000000e+00 0.000000000000e+00 
6.803519877510e-03 1.036092627845e-02 9.434601079613e-03 0.000000000000e+00 0.000000000000e+00 0.000000000000e+00 
6.766900562483e-03 1.034291817315e-02 9.396419097184e-03 0.000000000000e+00 0.000000000000e+00 0.000000000000e+00 
6.730559917745e-03 1.032503859728e-02 9.358220887532e-03 0.000000000000e+00 0.000000000000e+00 0.000000000000e+00 
6.694503393650e-03 1.030729315376e-02 9.320208402109e-03 0.000000000000e+00 0.000000000000e+00 0.000000000000e+00 
6.658788489428e-03 1.028968517537e-02 9.282205916780e-03 0.000000000000e+00 0.000000000000e+00 0.000000000000e+00 
6.623354228607e-03 1.027221218778e-02 9.244179343912e-03 0.000000000000e+00 0.000000000000e+00 0.000000000000e+00 
6.588199312147e-03 1.025488147619e-02 9.206235933762e-03 0.000000000000e+00 0.000000000000e+00 0.000000000000e+00 
6.553338642471e-03 1.023766127199e-02 9.168254405659e-03 0.000000000000e+00 0.000000000000e+00 0.000000000000e+00 
6.518699727930e-03 1.022055083251e-02 9.130223232360e-03 0.000000000000e+00 0.000000000000e+00 0.000000000000e+00 
6.484452039094e-03 1.020377124539e-02 9.092259448587e-03 0.000000000000e+00 0.000000000000e+00 0.000000000000e+00 
6.450462419950e-03 1.018701626980e-02 9.054294086721e-03 0.000000000000e+00 0.000000000000e+00 0.000000000000e+00 
6.416791575845e-03 1.017037247055e-02 9.016412756987e-03 0.000000000000e+00 0.000000000000e+00 0.000000000000e+00 
6.383370048015e-03 1.015380119183e-02 8.978496065922e-03 0.000000000000e+00 0.000000000000e+00 0.000000000000e+00 
6.350249415510e-03 1.013748447479e-02 8.940560703525e-03 0.000000000000e+00 0.000000000000e+00 0.000000000000e+00 
6.317417852298e-03 1.012120024128e-02 8.902689487294e-03 0.000000000000e+00 0.000000000000e+00 0.000000000000e+00 
6.284920488056e-03 1.010506871728e-02 8.865016075676e-03 0.000000000000e+00 0.000000000000e+00 0.000000000000e+00 
6.252612455614e-03 1.008893532846e-02 8.827223209061e-03 0.000000000000e+00 0.000000000000e+00 0.000000000000e+00 
6.220568448305e-03 1.007288927490e-02 8.789377685407e-03 0.000000000000e+00 0.000000000000e+00 0.000000000000e+00 
6.188829779737e-03 1.005710288742e-02 8.751559966638e-03 0.000000000000e+00 0.000000000000e+00 0.000000000000e+00 
6.157389970673e-03 1.004137929901e-02 8.713770446074e-03 0.000000000000e+00 0.000000000000e+00 0.000000000000e+00 
6.126248423750e-03 1.002572124824e-02 8.676001695659e-03 0.000000000000e+00 0.000000000000e+00 0.000000000000e+00 
6.095377762591e-03 1.001017524511e-02 8.638281122533e-03 0.000000000000e+00 0.000000000000e+00 0.000000000000e+00 
6.064804509812e-03 9.994766919829e-03 8.600595772519e-03 0.000000000000e+00 0.000000000000e+00 0.000000000000e+00 
6.034496205151e-03 9.979382214890e-03 8.562901351767e-03 0.000000000000e+00 0.000000000000e+00 0.000000000000e+00 
6.004432464676e-03 9.964190817117e-03 8.525155829936e-03 0.000000000000e+00 0.000000000000e+00 0.000000000000e+00 
5.974687801340e-03 9.949011772186e-03 8.487527461643e-03 0.000000000000e+00 0.000000000000e+00 0.000000000000e+00 
5.945218971926e-03 9.933926007347e-03 8.449836521781e-03 0.000000000000e+00 0.000000000000e+00 0.000000000000e+00 
5.916061083467e-03 9.919005856893e-03 8.412194865420e-03 0.000000000000e+00 0.000000000000e+00 0.000000000000e+00 
5.887096374056e-03 9.904048354493e-03 8.374470500221e-03 0.000000000000e+00 0.000000000000e+00 0.000000000000e+00 
5.858400539602e-03 9.889108812080e-03 8.336829743743e-03 0.000000000000e+00 0.000000000000e+00 0.000000000000e+00 
5.829987491671e-03 9.874206438079e-03 8.299348667094e-03 0.000000000000e+00 0.000000000000e+00 0.000000000000e+00 
5.801895442509e-03 9.859419394438e-03 8.261864738059e-03 0.000000000000e+00 0.000000000000e+00 0.000000000000e+00 
5.774074346042e-03 9.844646703852e-03 8.224363328171e-03 0.000000000000e+00 0.000000000000e+00 0.000000000000e+00 
5.746577134441e-03 9.830063495460e-03 8.186880564930e-03 0.000000000000e+00 0.000000000000e+00 0.000000000000e+00 
5.719321865353e-03 9.815548975412e-03 8.149390556061e-03 0.000000000000e+00 0.000000000000e+00 0.000000000000e+00 
5.692322179688e-03 9.801007789756e-03 8.111983635726e-03 0.000000000000e+00 0.000000000000e+00 0.000000000000e+00 
5.665621937406e-03 9.786596933662e-03 8.074677305343e-03 0.000000000000e+00 0.000000000000e+00 0.000000000000e+00 
5.639110555359e-03 9.772059972459e-03 8.037317471821e-03 0.000000000000e+00 0.000000000000e+00 0.000000000000e+00 
5.612836368915e-03 9.757514320915e-03 7.999921506241e-03 0.000000000000e+00 0.000000000000e+00 0.000000000000e+00 
5.586904064745e-03 9.743186286627e-03 7.962501731457e-03 0.000000000000e+00 0.000000000000e+00 0.000000000000e+00 
5.561245087097e-03 9.728878339647e-03 7.925137671514e-03 0.000000000000e+00 0.000000000000e+00 0.000000000000e+00 
5.535811662011e-03 9.714554536771e-03 7.887775178923e-03 0.000000000000e+00 0.000000000000e+00 0.000000000000e+00 
5.510647406660e-03 9.700253813936e-03 7.850435239260e-03 0.000000000000e+00 0.000000000000e+00 0.000000000000e+00 
5.485775872546e-03 9.686065705614e-03 7.813073574282e-03 0.000000000000e+00 0.000000000000e+00 0.000000000000e+00 
5.461137215198e-03 9.671840044033e-03 7.775685853687e-03 0.000000000000e+00 0.000000000000e+00 0.000000000000e+00 
5.436704818847e-03 9.657589701223e-03 7.738439945550e-03 0.000000000000e+00 0.000000000000e+00 0.000000000000e+00 
5.412525293320e-03 9.643397282833e-03 7.701215878995e-03 0.000000000000e+00 0.000000000000e+00 0.000000000000e+00 
5.388590432792e-03 9.629226509049e-03 7.664044763566e-03 0.000000000000e+00 0.000000000000e+00 0.000000000000e+00 
5.364976822300e-03 9.615166529374e-03 7.626847843458e-03 0.000000000000e+00 0.000000000000e+00 0.000000000000e+00 
5.341527586241e-03 9.601040787780e-03 7.589608253981e-03 0.000000000000e+00 0.000000000000e+00 0.000000000000e+00 
5.318283054003e-03 9.586855889242e-03 7.552369922536e-03 0.000000000000e+00 0.000000000000e+00 0.000000000000e+00 
5.295302547285e-03 9.572751258356e-03 7.515109503557e-03 0.000000000000e+00 0.000000000000e+00 0.000000000000e+00 
5.272600544279e-03 9.558608096986e-03 7.477865937095e-03 0.000000000000e+00 0.000000000000e+00 0.000000000000e+00 
5.250187011706e-03 9.544508430543e-03 7.440632575657e-03 0.000000000000e+00 0.000000000000e+00 0.000000000000e+00 
5.228015333204e-03 9.530425107572e-03 7.403632865816e-03 0.000000000000e+00 0.000000000000e+00 0.000000000000e+00 
5.206079074827e-03 9.516319217448e-03 7.366572219962e-03 0.000000000000e+00 0.000000000000e+00 0.000000000000e+00 
5.184366277369e-03 9.502165410283e-03 7.329533638834e-03 0.000000000000e+00 0.000000000000e+00 0.000000000000e+00 
5.162910174884e-03 9.488122648808e-03 7.292470318503e-03 0.000000000000e+00 0.000000000000e+00 0.000000000000e+00 
5.141747454909e-03 9.474087163304e-03 7.255510445243e-03 0.000000000000e+00 0.000000000000e+00 0.000000000000e+00 
5.120814784981e-03 9.459989723024e-03 7.218520362719e-03 0.000000000000e+00 0.000000000000e+00 0.000000000000e+00 
5.100072978068e-03 9.445910320651e-03 7.181502495985e-03 0.000000000000e+00 0.000000000000e+00 0.000000000000e+00 
5.079513744516e-03 9.431732443109e-03 7.144484184087e-03 0.000000000000e+00 0.000000000000e+00 0.000000000000e+00 
5.059254117136e-03 9.417547859192e-03 7.107483418305e-03 0.000000000000e+00 0.000000000000e+00 0.000000000000e+00 
5.039231721150e-03 9.403442437274e-03 7.070549677775e-03 0.000000000000e+00 0.000000000000e+00 0.000000000000e+00 
5.019365137447e-03 9.389261017745e-03 7.033571352165e-03 0.000000000000e+00 0.000000000000e+00 0.000000000000e+00 
4.999719447016e-03 9.375066290158e-03 6.996713602787e-03 0.000000000000e+00 0.000000000000e+00 0.000000000000e+00 
4.980420010368e-03 9.361014684846e-03 6.959826282348e-03 0.000000000000e+00 0.000000000000e+00 0.000000000000e+00 
4.961272483251e-03 9.346892221310e-03 6.923031587021e-03 0.000000000000e+00 0.000000000000e+00 0.000000000000e+00 
4.942326468326e-03 9.332741321633e-03 6.886266164992e-03 0.000000000000e+00 0.000000000000e+00 0.000000000000e+00 
4.923760333620e-03 9.318707434533e-03 6.849409677408e-03 0.000000000000e+00 0.000000000000e+00 0.000000000000e+00 
4.905327097076e-03 9.304665578548e-03 6.812683265415e-03 0.000000000000e+00 0.000000000000e+00 0.000000000000e+00 
4.887095377374e-03 9.290641495167e-03 6.775996286773e-03 0.000000000000e+00 0.000000000000e+00 0.000000000000e+00 
4.869118277202e-03 9.276811041779e-03 6.739471640179e-03 0.000000000000e+00 0.000000000000e+00 0.000000000000e+00 
4.851409042695e-03 9.263052170541e-03 6.702994000455e-03 0.000000000000e+00 0.000000000000e+00 0.000000000000e+00 
4.833905735941e-03 9.249285884019e-03 6.666500370789e-03 0.000000000000e+00 0.000000000000e+00 0.000000000000e+00 
4.816663444050e-03 9.235624571469e-03 6.629989255509e-03 0.000000000000e+00 0.000000000000e+00 0.000000000000e+00 
4.799655082975e-03 9.222022468109e-03 6.593599582748e-03 0.000000000000e+00 0.000000000000e+00 0.000000000000e+00 
4.782874749328e-03 9.208457324673e-03 6.557279963984e-03 0.000000000000e+00 0.000000000000e+00 0.000000000000e+00 
4.766342891963e-03 9.194996256980e-03 6.520937342855e-03 0.000000000000e+00 0.000000000000e+00 0.000000000000e+00 
4.749945258596e-03 9.181518376335e-03 6.484754640152e-03 0.000000000000e+00 0.000000000000e+00 0.000000000000e+00 
4.733776763962e-03 9.168070342057e-03 6.448726258688e-03 0.000000000000e+00 0.000000000000e+00 0.000000000000e+00 
4.717870200121e-03 9.154689401454e-03 6.412555389736e-03 0.000000000000e+00 0.000000000000e+00 0.000000000000e+00 
4.702146988245e-03 9.141329939857e-03 6.376532410295e-03 0.000000000000e+00 0.000000000000e+00 0.000000000000e+00 
4.686652416820e-03 9.127999877233e-03 6.340509823164e-03 0.000000000000e+00 0.000000000000e+00 0.000000000000e+00 
4.671335321342e-03 9.114763652943e-03 6.304659176340e-03 0.000000000000e+00 0.000000000000e+00 0.000000000000e+00 
4.656296934449e-03 9.101542350955e-03 6.268838942223e-03 0.000000000000e+00 0.000000000000e+00 0.000000000000e+00 
4.641549159624e-03 9.088377332825e-03 6.233080471935e-03 0.000000000000e+00 0.000000000000e+00 0.000000000000e+00 
4.627016388551e-03 9.075245272421e-03 6.197358476747e-03 0.000000000000e+00 0.000000000000e+00 0.000000000000e+00 
4.612677856221e-03 9.062151240226e-03 6.161746894453e-03 0.000000000000e+00 0.000000000000e+00 0.000000000000e+00 
4.598563823554e-03 9.049048110074e-03 6.126115801302e-03 0.000000000000e+00 0.000000000000e+00 0.000000000000e+00 
4.584686985639e-03 9.035987754624e-03 6.090566104759e-03 0.000000000000e+00 0.000000000000e+00 0.000000000000e+00 
4.571096157902e-03 9.022946657130e-03 6.055033436464e-03 0.000000000000e+00 0.000000000000e+00 0.000000000000e+00 
4.557700017484e-03 9.009884022197e-03 6.019530134223e-03 0.000000000000e+00 0.000000000000e+00 0.000000000000e+00 
4.544491654302e-03 8.996886779039e-03 5.984121649186e-03 0.000000000000e+00 0.000000000000e+00 0.000000000000e+00 
4.531505885940e-03 8.983858355719e-03 5.948729716836e-03 0.000000000000e+00 0.000000000000e+00 0.000000000000e+00 
4.518737890119e-03 8.970834542809e-03 5.913406165721e-03 0.000000000000e+00 0.000000000000e+00 0.000000000000e+00 
4.506223820504e-03 8.957940588183e-03 5.878259295352e-03 0.000000000000e+00 0.000000000000e+00 0.000000000000e+00 
4.493984394642e-03 8.944997518350e-03 5.843103362020e-03 0.000000000000e+00 0.000000000000e+00 0.000000000000e+00 
4.481930816530e-03 8.932007388452e-03 5.807996700092e-03 0.000000000000e+00 0.000000000000e+00 0.000000000000e+00 
4.470029852929e-03 8.919046348065e-03 5.772984347320e-03 0.000000000000e+00 0.000000000000e+00 0.000000000000e+00 
4.458319947891e-03 8.906048592508e-03 5.738059012723e-03 0.000000000000e+00 0.000000000000e+00 0.000000000000e+00 
4.446803409125e-03 8.893039117179e-03 5.703211220729e-03 0.000000000000e+00 0.000000000000e+00 0.000000000000e+00 
4.435511716036e-03 8.880051127775e-03 5.668406898354e-03 0.000000000000e+00 0.000000000000e+00 0.000000000000e+00 
4.424477260528e-03 8.867110777345e-03 5.633780386457e-03 0.000000000000e+00 0.000000000000e+00 0.000000000000e+00 
4.413669076417e-03 8.854145302147e-03 5.599203811193e-03 0.000000000000e+00 0.000000000000e+00 0.000000000000e+00 
4.402975904473e-03 8.841187394595e-03 5.564600730234e-03 0.000000000000e+00 0.000000000000e+00 0.000000000000e+00 
4.392637660458e-03 8.828251727138e-03 5.530146050165e-03 0.000000000000e+00 0.000000000000e+00 0.000000000000e+00 
4.382514610027e-03 8.815253152332e-03 5.495759305434e-03 0.000000000000e+00 0.000000000000e+00 0.000000000000e+00 
4.372589808444e-03 8.802236615536e-03 5.461352368206e-03 0.000000000000e+00 0.000000000000e+00 0.000000000000e+00 
4.362810077837e-03 8.789182260674e-03 5.427020308361e-03 0.000000000000e+00 0.000000000000e+00 0.000000000000e+00 
4.353212702417e-03 8.776084733192e-03 5.392816323234e-03 0.000000000000e+00 0.000000000000e+00 0.000000000000e+00 
4.343863568897e-03 8.763043351968e-03 5.358695885520e-03 0.000000000000e+00 0.000000000000e+00 0.000000000000e+00 
4.334745967577e-03 8.749915909220e-03 5.324569933627e-03 0.000000000000e+00 0.000000000000e+00 0.000000000000e+00 
4.325782368475e-03 8.736740962058e-03 5.290541021016e-03 0.000000000000e+00 0.000000000000e+00 0.000000000000e+00 
4.317030038085e-03 8.723603065126e-03 5.256594401442e-03 0.000000000000e+00 0.000000000000e+00 0.000000000000e+00 
4.308619195605e-03 8.710393446442e-03 5.222687569145e-03 0.000000000000e+00 0.000000000000e+00 0.000000000000e+00 
4.300333453584e-03 8.697156525343e-03 5.188938473633e-03 0.000000000000e+00 0.000000000000e+00 0.000000000000e+00 
4.292246552554e-03 8.683956023806e-03 5.155216537286e-03 0.000000000000e+00 0.000000000000e+00 0.000000000000e+00 
4.284356225546e-03 8.670676846078e-03 5.121557546722e-03 0.000000000000e+00 0.000000000000e+00 0.000000000000e+00 
4.276620899318e-03 8.657331687196e-03 5.087981747704e-03 0.000000000000e+00 0.000000000000e+00 0.000000000000e+00 
4.269107541068e-03 8.643997331283e-03 5.054472525124e-03 0.000000000000e+00 0.000000000000e+00 0.000000000000e+00 
4.261816174234e-03 8.630610068570e-03 5.021060759993e-03 0.000000000000e+00 0.000000000000e+00 0.000000000000e+00 
4.254715679894e-03 8.617172183521e-03 4.987731184812e-03 0.000000000000e+00 0.000000000000e+00 0.000000000000e+00 
4.247914631981e-03 8.603695402496e-03 4.954402750219e-03 0.000000000000e+00 0.000000000000e+00 0.000000000000e+00 
4.241305348090e-03 8.590157448054e-03 4.921195888649e-03 0.000000000000e+00 0.000000000000e+00 0.000000000000e+00 
4.234867941893e-03 8.576633207679e-03 4.888194531023e-03 0.000000000000e+00 0.000000000000e+00 0.000000000000e+00 
4.228780432168e-03 8.563131730694e-03 4.855345011878e-03 0.000000000000e+00 0.000000000000e+00 0.000000000000e+00 
4.222795104862e-03 8.549487011756e-03 4.822462429300e-03 0.000000000000e+00 0.000000000000e+00 0.000000000000e+00 
4.216990321339e-03 8.535767995787e-03 4.789686603564e-03 0.000000000000e+00 0.000000000000e+00 0.000000000000e+00 
4.211433411581e-03 8.522013613476e-03 4.756931256068e-03 0.000000000000e+00 0.000000000000e+00 0.000000000000e+00 
4.206006078765e-03 8.508229754709e-03 4.724311206653e-03 0.000000000000e+00 0.000000000000e+00 0.000000000000e+00 
4.200803948209e-03 8.494404427980e-03 4.691836877900e-03 0.000000000000e+00 0.000000000000e+00 0.000000000000e+00 
4.195793702145e-03 8.480531054689e-03 4.659409457855e-03 0.000000000000e+00 0.000000000000e+00 0.000000000000e+00 
4.190900466098e-03 8.466609346087e-03 4.627107468990e-03 0.000000000000e+00 0.000000000000e+00 0.000000000000e+00 
4.186152376468e-03 8.452613704936e-03 4.594905638248e-03 0.000000000000e+00 0.000000000000e+00 0.000000000000e+00 
4.181635524795e-03 8.438618738442e-03 4.562825107199e-03 0.000000000000e+00 0.000000000000e+00 0.000000000000e+00 
4.177350581687e-03 8.424551078635e-03 4.530834427228e-03 0.000000000000e+00 0.000000000000e+00 0.000000000000e+00 
4.173275149664e-03 8.410405870152e-03 4.498948858838e-03 0.000000000000e+00 0.000000000000e+00 0.000000000000e+00 
4.169386046370e-03 8.396232202400e-03 4.467150480655e-03 0.000000000000e+00 0.000000000000e+00 0.000000000000e+00 
4.165743674814e-03 8.381966872910e-03 4.435471655490e-03 0.000000000000e+00 0.000000000000e+00 0.000000000000e+00 
4.162294720630e-03 8.367641682944e-03 4.403872757750e-03 0.000000000000e+00 0.000000000000e+00 0.000000000000e+00 
4.159083401963e-03 8.353218684393e-03 4.372286830383e-03 0.000000000000e+00 0.000000000000e+00 0.000000000000e+00 
4.155953767885e-03 8.338807282194e-03 4.340959192924e-03 0.000000000000e+00 0.000000000000e+00 0.000000000000e+00 
4.152967035482e-03 8.324294930462e-03 4.309698201004e-03 0.000000000000e+00 0.000000000000e+00 0.000000000000e+00 
4.150279388443e-03 8.309734704695e-03 4.278518928112e-03 0.000000000000e+00 0.000000000000e+00 0.000000000000e+00 
4.147727137824e-03 8.295123582375e-03 4.247482225501e-03 0.000000000000e+00 0.000000000000e+00 0.000000000000e+00 
4.145316995849e-03 8.280430867381e-03 4.216547166614e-03 0.000000000000e+00 0.000000000000e+00 0.000000000000e+00 
4.143107051558e-03 8.265711589300e-03 4.185749951785e-03 0.000000000000e+00 0.000000000000e+00 0.000000000000e+00 
4.140927965973e-03 8.250949227375e-03 4.155080122695e-03 0.000000000000e+00 0.000000000000e+00 0.000000000000e+00 
4.139026909644e-03 8.236072609622e-03 4.124499431605e-03 0.000000000000e+00 0.000000000000e+00 0.000000000000e+00 
4.137363583639e-03 8.221183198417e-03 4.094051983470e-03 0.000000000000e+00 0.000000000000e+00 0.000000000000e+00 
4.135813093493e-03 8.206201537065e-03 4.063697874288e-03 0.000000000000e+00 0.000000000000e+00 0.000000000000e+00 
4.134326481496e-03 8.191169513940e-03 4.033470214977e-03 0.000000000000e+00 0.000000000000e+00 0.000000000000e+00 
4.133050457864e-03 8.176136598355e-03 4.003424585593e-03 0.000000000000e+00 0.000000000000e+00 0.000000000000e+00 
4.131984596112e-03 8.160998391573e-03 3.973488179097e-03 0.000000000000e+00 0.000000000000e+00 0.000000000000e+00 
4.131099170697e-03 8.145826641323e-03 3.943749000686e-03 0.000000000000e+00 0.000000000000e+00 0.000000000000e+00 
4.130326506738e-03 8.130679621045e-03 3.914202391560e-03 0.000000000000e+00 0.000000000000e+00 0.000000000000e+00 
4.129774600204e-03 8.115378630781e-03 3.884667985212e-03 0.000000000000e+00 0.000000000000e+00 0.000000000000e+00 
4.129262210939e-03 8.100013872519e-03 3.855244639981e-03 0.000000000000e+00 0.000000000000e+00 0.000000000000e+00 
4.129103279386e-03 8.084549019726e-03 3.825950361445e-03 0.000000000000e+00 0.000000000000e+00 0.000000000000e+00 
4.128946734535e-03 8.069093608895e-03 3.796824604812e-03 0.000000000000e+00 0.000000000000e+00 0.000000000000e+00 
4.128964081498e-03 8.053546258066e-03 3.767809930946e-03 0.000000000000e+00 0.000000000000e+00 0.000000000000e+00 
4.129059621042e-03 8.037970006292e-03 3.738935762975e-03 0.000000000000e+00 0.000000000000e+00 0.000000000000e+00 
4.129421304158e-03 8.022350430832e-03 3.710264007786e-03 0.000000000000e+00 0.000000000000e+00 0.000000000000e+00 
4.129963230415e-03 8.006673955417e-03 3.681768649224e-03 0.000000000000e+00 0.000000000000e+00 0.000000000000e+00 
4.130643453815e-03 7.990957632438e-03 3.653398238801e-03 0.000000000000e+00 0.000000000000e+00 0.000000000000e+00 
4.131411436498e-03 7.975151472499e-03 3.625137436055e-03 0.000000000000e+00 0.000000000000e+00 0.000000000000e+00 
4.132345423811e-03 7.959274409613e-03 3.597021833159e-03 0.000000000000e+00 0.000000000000e+00 0.000000000000e+00 
4.133594274801e-03 7.943373765153e-03 3.569163521964e-03 0.000000000000e+00 0.000000000000e+00 0.000000000000e+00 
4.134899766575e-03 7.927384036099e-03 3.541350487991e-03 0.000000000000e+00 0.000000000000e+00 0.000000000000e+00 
4.136394474034e-03 7.911243201220e-03 3.513595650356e-03 0.000000000000e+00 0.000000000000e+00 0.000000000000e+00 
4.138066759073e-03 7.895100460459e-03 3.486038421248e-03 0.000000000000e+00 0.000000000000e+00 0.000000000000e+00 
4.139903261627e-03 7.878876713444e-03 3.458640579864e-03 0.000000000000e+00 0.000000000000e+00 0.000000000000e+00 
4.141793051542e-03 7.862594398347e-03 3.431355823155e-03 0.000000000000e+00 0.000000000000e+00 0.000000000000e+00 
4.143939198407e-03 7.846310967277e-03 3.404351189250e-03 0.000000000000e+00 0.000000000000e+00 0.000000000000e+00 
4.146143251000e-03 7.830025974121e-03 3.377520252105e-03 0.000000000000e+00 0.000000000000e+00 0.000000000000e+00 
4.148407940544e-03 7.813672793570e-03 3.350797227759e-03 0.000000000000e+00 0.000000000000e+00 0.000000000000e+00 
4.150962662723e-03 7.797220890448e-03 3.324253195068e-03 0.000000000000e+00 0.000000000000e+00 0.000000000000e+00 
4.153648976270e-03 7.780764390485e-03 3.297918125849e-03 0.000000000000e+00 0.000000000000e+00 0.000000000000e+00 
4.156359365927e-03 7.764257638130e-03 3.271693627755e-03 0.000000000000e+00 0.000000000000e+00 0.000000000000e+00 
4.159270024446e-03 7.747747376457e-03 3.245687777645e-03 0.000000000000e+00 0.000000000000e+00 0.000000000000e+00 
4.162255365116e-03 7.731122664876e-03 3.219740154359e-03 0.000000000000e+00 0.000000000000e+00 0.000000000000e+00 
4.165340359539e-03 7.714453194942e-03 3.193972500463e-03 0.000000000000e+00 0.000000000000e+00 0.000000000000e+00 
4.168654218220e-03 7.697749143722e-03 3.168400433553e-03 0.000000000000e+00 0.000000000000e+00 0.000000000000e+00 
4.171996880280e-03 7.681016266400e-03 3.142951134152e-03 0.000000000000e+00 0.000000000000e+00 0.000000000000e+00 
4.175411364800e-03 7.664193734759e-03 3.117583936831e-03 0.000000000000e+00 0.000000000000e+00 0.000000000000e+00 
4.179069711618e-03 7.647363615837e-03 3.092509658802e-03 0.000000000000e+00 0.000000000000e+00 0.000000000000e+00 
4.182856987778e-03 7.630452518071e-03 3.067554598436e-03 0.000000000000e+00 0.000000000000e+00 0.000000000000e+00 
4.186733739493e-03 7.613503225720e-03 3.042783322785e-03 0.000000000000e+00 0.000000000000e+00 0.000000000000e+00 
4.190754440083e-03 7.596571271294e-03 3.018246446379e-03 0.000000000000e+00 0.000000000000e+00 0.000000000000e+00 
4.194847294107e-03 7.579626043985e-03 2.993871496524e-03 0.000000000000e+00 0.000000000000e+00 0.000000000000e+00 
4.198984851075e-03 7.562635280858e-03 2.969630744914e-03 0.000000000000e+00 0.000000000000e+00 0.000000000000e+00 
4.203425779994e-03 7.545559949991e-03 2.945625134569e-03 0.000000000000e+00 0.000000000000e+00 0.000000000000e+00 
4.207940912405e-03 7.528463257572e-03 2.921810425303e-03 0.000000000000e+00 0.000000000000e+00 0.000000000000e+00 
4.212490764296e-03 7.511306617628e-03 2.898058428673e-03 0.000000000000e+00 0.000000000000e+00 0.000000000000e+00 
4.217169435767e-03 7.494233180777e-03 2.874664342818e-03 0.000000000000e+00 0.000000000000e+00 0.000000000000e+00 
4.221910238972e-03 7.477086820651e-03 2.851351053711e-03 0.000000000000e+00 0.000000000000e+00 0.000000000000e+00 
4.226770921907e-03 7.459842795993e-03 2.828128400060e-03 0.000000000000e+00 0.000000000000e+00 0.000000000000e+00 
4.231812651086e-03 7.442609771447e-03 2.805189519167e-03 0.000000000000e+00 0.000000000000e+00 0.000000000000e+00 
4.236957732339e-03 7.425373501388e-03 2.782501323661e-03 0.000000000000e+00 0.000000000000e+00 0.000000000000e+00 
4.242130498109e-03 7.408096331308e-03 2.759894520746e-03 0.000000000000e+00 0.000000000000e+00 0.000000000000e+00 
4.247502842823e-03 7.390745617470e-03 2.737468772794e-03 0.000000000000e+00 0.000000000000e+00 0.000000000000e+00 
4.252910913477e-03 7.373471108204e-03 2.715327291134e-03 0.000000000000e+00 0.000000000000e+00 0.000000000000e+00 
4.258372054247e-03 7.356152609667e-03 2.693291459564e-03 0.000000000000e+00 0.000000000000e+00 0.000000000000e+00 
4.264136206373e-03 7.338796275838e-03 2.671613438385e-03 0.000000000000e+00 0.000000000000e+00 0.000000000000e+00 
4.269908551888e-03 7.321372092452e-03 2.649941307812e-03 0.000000000000e+00 0.000000000000e+00 0.000000000000e+00 
4.275706217628e-03 7.303989471211e-03 2.628501903295e-03 0.000000000000e+00 0.000000000000e+00 0.000000000000e+00 
4.281652531685e-03 7.286557421708e-03 2.607193133371e-03 0.000000000000e+00 0.000000000000e+00 0.000000000000e+00 
4.287699251754e-03 7.269093349234e-03 2.586115563764e-03 0.000000000000e+00 0.000000000000e+00 0.000000000000e+00 
4.293783289273e-03 7.251617389953e-03 2.565173442030e-03 0.000000000000e+00 0.000000000000e+00 0.000000000000e+00 
4.299960612297e-03 7.234186394895e-03 2.544466766660e-03 0.000000000000e+00 0.000000000000e+00 0.000000000000e+00 
4.306265953959e-03 7.216708498225e-03 2.523993200613e-03 0.000000000000e+00 0.000000000000e+00 0.000000000000e+00 
4.312612480251e-03 7.199206432351e-03 2.503608475848e-03 0.000000000000e+00 0.000000000000e+00 0.000000000000e+00 
4.319182371920e-03 7.181719789919e-03 2.483611116391e-03 0.000000000000e+00 0.000000000000e+00 0.000000000000e+00 
4.325731009610e-03 7.164271785379e-03 2.463713240526e-03 0.000000000000e+00 0.000000000000e+00 0.000000000000e+00 
4.332303406119e-03 7.146787333832e-03 2.443920820582e-03 0.000000000000e+00 0.000000000000e+00 0.000000000000e+00 
4.339046547755e-03 7.129296044590e-03 2.424423657881e-03 0.000000000000e+00 0.000000000000e+00 0.000000000000e+00 
4.345826636124e-03 7.111815868386e-03 2.405083589531e-03 0.000000000000e+00 0.000000000000e+00 0.000000000000e+00 
4.352606177889e-03 7.094343044134e-03 2.385843608653e-03 0.000000000000e+00 0.000000000000e+00 0.000000000000e+00 
4.359584808516e-03 7.076864060368e-03 2.366922362597e-03 0.000000000000e+00 0.000000000000e+00 0.000000000000e+00 
4.366583687865e-03 7.059401247207e-03 2.348149154511e-03 0.000000000000e+00 0.000000000000e+00 0.000000000000e+00 
4.373617011818e-03 7.041934046357e-03 2.329519052994e-03 0.000000000000e+00 0.000000000000e+00 0.000000000000e+00 
4.380734454266e-03 7.024501261064e-03 2.311034743529e-03 0.000000000000e+00 0.000000000000e+00 0.000000000000e+00 
4.387881426700e-03 7.007067057674e-03 2.292723458440e-03 0.000000000000e+00 0.000000000000e+00 0.000000000000e+00 
4.395130982165e-03 6.989608193319e-03 2.274668664850e-03 0.000000000000e+00 0.000000000000e+00 0.000000000000e+00 
4.402459598221e-03 6.972184879456e-03 2.256833698318e-03 0.000000000000e+00 0.000000000000e+00 0.000000000000e+00 
4.409857376577e-03 6.954758592884e-03 2.239225898932e-03 0.000000000000e+00 0.000000000000e+00 0.000000000000e+00 
4.417244812716e-03 6.937344513499e-03 2.221744873353e-03 0.000000000000e+00 0.000000000000e+00 0.000000000000e+00 
4.424736151952e-03 6.919942723831e-03 2.204492106724e-03 0.000000000000e+00 0.000000000000e+00 0.000000000000e+00 
4.772118035267e-03 5.775526732635e-03 7.271319096833e-04 0.000000000000e+00 0.000000000000e+00 0.000000000000e+00 
5.121838550943e-03 4.629515929963e-03 -7.540431749952e-04 0.000000000000e+00 0.000000000000e+00 0.000000000000e+00 
5.357645749940e-03 3.865241232068e-03 -1.741347392323e-03 0.000000000000e+00 0.000000000000e+00 0.000000000000e+00 
5.593817645061e-03 3.102165315134e-03 -2.727687663161e-03 0.000000000000e+00 0.000000000000e+00 0.000000000000e+00 
5.830345595305e-03 2.340256382334e-03 -3.713172985658e-03 0.000000000000e+00 0.000000000000e+00 0.000000000000e+00 
