-2.600202e+03 -7.143997e+03 4.615353e-13
-2.601216e+03 -7.143623e+03 -8.238768e+00
-2.602226e+03 -7.143241e+03 -1.647753e+01
-2.603234e+03 -7.142850e+03 -2.471627e+01
-2.604238e+03 -7.142451e+03 -3.295497e+01
-2.605239e+03 -7.142043e+03 -4.119364e+01
-2.606237e+03 -7.141626e+03 -4.943226e+01
-2.607231e+03 -7.141201e+03 -5.767082e+01
-2.608223e+03 -7.140767e+03 -6.590931e+01
-2.609212e+03 -7.140325e+03 -7.414772e+01
-2.610197e+03 -7.139874e+03 -8.238605e+01
-2.611179e+03 -7.139415e+03 -9.062427e+01
-2.612158e+03 -7.138947e+03 -9.886238e+01
-2.613134e+03 -7.138470e+03 -1.071004e+02
-2.614107e+03 -7.137985e+03 -1.153382e+02
-2.615077e+03 -7.137491e+03 -1.235760e+02
-2.616043e+03 -7.136989e+03 -1.318135e+02
-2.617007e+03 -7.136478e+03 -1.400510e+02
-2.617967e+03 -7.135959e+03 -1.482882e+02
-2.618924e+03 -7.135431e+03 -1.565253e+02
-2.619878e+03 -7.134895e+03 -1.647621e+02
-2.620829e+03 -7.134350e+03 -1.729988e+02
-2.621777e+03 -7.133796e+03 -1.812353e+02
-2.622722e+03 -7.133234e+03 -1.894716e+02
-2.623663e+03 -7.132663e+03 -1.977076e+02
-2.624601e+03 -7.132084e+03 -2.059434e+02
-2.625537e+03 -7.131496e+03 -2.141789e+02
-2.626469e+03 -7.130900e+03 -2.224142e+02
-2.627397e+03 -7.130295e+03 -2.306492e+02
-2.628323e+03 -7.129682e+03 -2.388839e+02
-2.629246e+03 -7.129060e+03 -2.471184e+02
-2.630165e+03 -7.128429e+03 -2.553525e+02
-2.631081e+03 -7.127790e+03 -2.635864e+02
-2.631994e+03 -7.127142e+03 -2.718199e+02
-2.632904e+03 -7.126486e+03 -2.800531e+02
-2.633811e+03 -7.125821e+03 -2.882859e+02
-2.634715e+03 -7.125148e+03 -2.965184e+02
-2.635615e+03 -7.124466e+03 -3.047506e+02
-2.636512e+03 -7.123776e+03 -3.129824e+02
-2.637407e+03 -7.123077e+03 -3.212138e+02
-2.638298e+03 -7.122370e+03 -3.294448e+02
-2.639185e+03 -7.121654e+03 -3.376754e+02
-2.640070e+03 -7.120929e+03 -3.459056e+02
-2.640951e+03 -7.120196e+03 -3.541354e+02
-2.641830e+03 -7.119454e+03 -3.623648e+02
-2.642705e+03 -7.118704e+03 -3.705937e+02
-2.643577e+03 -7.117946e+03 -3.788222e+02
-2.644446e+03 -7.117178e+03 -3.870502e+02
-2.645311e+03 -7.116403e+03 -3.952777e+02
-2.646174e+03 -7.115618e+03 -4.035048e+02
-2.647033e+03 -7.114825e+03 -4.117314e+02
-2.647889e+03 -7.114024e+03 -4.199575e+02
-2.648742e+03 -7.113214e+03 -4.281831e+02
-2.649592e+03 -7.112396e+03 -4.364082e+02
-2.650438e+03 -7.111569e+03 -4.446327e+02
-2.651282e+03 -7.110733e+03 -4.528567e+02
-2.652122e+03 -7.109889e+03 -4.610802e+02
-2.652959e+03 -7.109037e+03 -4.693031e+02
-2.653793e+03 -7.108176e+03 -4.775254e+02
-2.654623e+03 -7.107306e+03 -4.857472e+02
-2.655451e+03 -7.106428e+03 -4.939684e+02
-2.656275e+03 -7.105541e+03 -5.021889e+02
-2.657096e+03 -7.104646e+03 -5.104089e+02
-2.657914e+03 -7.103742e+03 -5.186283e+02
-2.658729e+03 -7.102830e+03 -5.268470e+02
-2.659540e+03 -7.101910e+03 -5.350651e+02
-2.660349e+03 -7.100980e+03 -5.432825e+02
-2.661154e+03 -7.100043e+03 -5.514993e+02
-2.661956e+03 -7.099096e+03 -5.597155e+02
-2.662755e+03 -7.098142e+03 -5.679309e+02
-2.663550e+03 -7.097178e+03 -5.761457e+02
-2.664343e+03 -7.096206e+03 -5.843598e+02
-2.665132e+03 -7.095226e+03 -5.925731e+02
-2.665918e+03 -7.094237e+03 -6.007858e+02
-2.666701e+03 -7.093240e+03 -6.089977e+02
-2.667480e+03 -7.092234e+03 -6.172089e+02
-2.668257e+03 -7.091220e+03 -6.254193e+02
-2.669030e+03 -7.090197e+03 -6.336290e+02
-2.669800e+03 -7.089166e+03 -6.418380e+02
-2.670567e+03 -7.088126e+03 -6.500461e+02
-2.671330e+03 -7.087077e+03 -6.582535e+02
-2.672091e+03 -7.086021e+03 -6.664601e+02
-2.672848e+03 -7.084955e+03 -6.746658e+02
-2.673602e+03 -7.083881e+03 -6.828708e+02
-2.674353e+03 -7.082799e+03 -6.910749e+02
-2.675100e+03 -7.081708e+03 -6.992782e+02
-2.675844e+03 -7.080609e+03 -7.074807e+02
-2.676586e+03 -7.079501e+03 -7.156823e+02
-2.677324e+03 -7.078385e+03 -7.238830e+02
-2.678058e+03 -7.077260e+03 -7.320829e+02
-2.678790e+03 -7.076127e+03 -7.402818e+02
-2.679518e+03 -7.074985e+03 -7.484799e+02
-2.680243e+03 -7.073835e+03 -7.566771e+02
-2.680965e+03 -7.072676e+03 -7.648734e+02
-2.681684e+03 -7.071509e+03 -7.730687e+02
-2.682399e+03 -7.070333e+03 -7.812631e+02
-2.683111e+03 -7.069149e+03 -7.894566e+02
-2.683820e+03 -7.067956e+03 -7.976491e+02
-2.684526e+03 -7.066755e+03 -8.058407e+02
-2.685229e+03 -7.065546e+03 -8.140312e+02
-2.685928e+03 -7.064328e+03 -8.222208e+02
-2.686624e+03 -7.063101e+03 -8.304094e+02
-2.687317e+03 -7.061866e+03 -8.385970e+02
-2.688007e+03 -7.060623e+03 -8.467836e+02
-2.688693e+03 -7.059371e+03 -8.549692e+02
-2.689376e+03 -7.058110e+03 -8.631537e+02
-2.690056e+03 -7.056841e+03 -8.713372e+02
-2.690733e+03 -7.055564e+03 -8.795197e+02
-2.691407e+03 -7.054278e+03 -8.877011e+02
-2.692077e+03 -7.052984e+03 -8.958814e+02
-2.692744e+03 -7.051681e+03 -9.040606e+02
-2.693408e+03 -7.050370e+03 -9.122387e+02
-2.694069e+03 -7.049050e+03 -9.204158e+02
-2.694726e+03 -7.047722e+03 -9.285917e+02
-2.695380e+03 -7.046386e+03 -9.367665e+02
-2.696031e+03 -7.045041e+03 -9.449402e+02
-2.696679e+03 -7.043687e+03 -9.531127e+02
-2.697323e+03 -7.042326e+03 -9.612841e+02
-2.697965e+03 -7.040955e+03 -9.694543e+02
-2.698603e+03 -7.039576e+03 -9.776234e+02
-2.699237e+03 -7.038189e+03 -9.857913e+02
-2.699869e+03 -7.036794e+03 -9.939579e+02
-2.700497e+03 -7.035390e+03 -1.002123e+03
-2.701122e+03 -7.033977e+03 -1.010288e+03
-2.701744e+03 -7.032556e+03 -1.018451e+03
-2.702363e+03 -7.031127e+03 -1.026613e+03
-2.702978e+03 -7.029689e+03 -1.034773e+03
-2.703590e+03 -7.028243e+03 -1.042933e+03
-2.704199e+03 -7.026788e+03 -1.051091e+03
-2.704804e+03 -7.025325e+03 -1.059247e+03
-2.705407e+03 -7.023853e+03 -1.067403e+03
-2.706006e+03 -7.022373e+03 -1.075557e+03
-2.706602e+03 -7.020885e+03 -1.083710e+03
-2.707194e+03 -7.019388e+03 -1.091862e+03
-2.707784e+03 -7.017883e+03 -1.100012e+03
-2.708370e+03 -7.016369e+03 -1.108161e+03
-2.708953e+03 -7.014847e+03 -1.116309e+03
-2.709532e+03 -7.013317e+03 -1.124455e+03
-2.710109e+03 -7.011778e+03 -1.132600e+03
-2.710682e+03 -7.010231e+03 -1.140744e+03
-2.711252e+03 -7.008675e+03 -1.148886e+03
-2.711818e+03 -7.007111e+03 -1.157027e+03
-2.712382e+03 -7.005539e+03 -1.165166e+03
-2.712942e+03 -7.003958e+03 -1.173304e+03
-2.713499e+03 -7.002368e+03 -1.181441e+03
-2.714052e+03 -7.000771e+03 -1.189576e+03
-2.714603e+03 -6.999165e+03 -1.197710e+03
-2.715150e+03 -6.997550e+03 -1.205842e+03
-2.715694e+03 -6.995927e+03 -1.213973e+03
-2.716234e+03 -6.994296e+03 -1.222102e+03
-2.716772e+03 -6.992657e+03 -1.230230e+03
-2.717306e+03 -6.991009e+03 -1.238356e+03
-2.717837e+03 -6.989352e+03 -1.246481e+03
-2.718364e+03 -6.987687e+03 -1.254605e+03
-2.718888e+03 -6.986014e+03 -1.262727e+03
-2.719409e+03 -6.984333e+03 -1.270847e+03
-2.719927e+03 -6.982643e+03 -1.278966e+03
-2.720442e+03 -6.980945e+03 -1.287083e+03
-2.720953e+03 -6.979238e+03 -1.295199e+03
-2.721461e+03 -6.977523e+03 -1.303313e+03
-2.721966e+03 -6.975800e+03 -1.311426e+03
-2.722467e+03 -6.974068e+03 -1.319537e+03
-2.722965e+03 -6.972328e+03 -1.327646e+03
-2.723460e+03 -6.970579e+03 -1.335754e+03
-2.723952e+03 -6.968823e+03 -1.343860e+03
-2.724440e+03 -6.967057e+03 -1.351965e+03
-2.724925e+03 -6.965284e+03 -1.360068e+03
-2.725407e+03 -6.963502e+03 -1.368169e+03
-2.725886e+03 -6.961712e+03 -1.376269e+03
-2.726361e+03 -6.959913e+03 -1.384367e+03
-2.726833e+03 -6.958106e+03 -1.392463e+03
-2.727302e+03 -6.956291e+03 -1.400558e+03
-2.727768e+03 -6.954467e+03 -1.408651e+03
-2.728230e+03 -6.952635e+03 -1.416742e+03
-2.728689e+03 -6.950795e+03 -1.424832e+03
-2.729145e+03 -6.948947e+03 -1.432919e+03
-2.729597e+03 -6.947090e+03 -1.441005e+03
-2.730046e+03 -6.945224e+03 -1.449090e+03
-2.730492e+03 -6.943351e+03 -1.457172e+03
-2.730935e+03 -6.941469e+03 -1.465253e+03
-2.731374e+03 -6.939579e+03 -1.473332e+03
-2.731810e+03 -6.937680e+03 -1.481410e+03
-2.732243e+03 -6.935773e+03 -1.489485e+03
-2.732672e+03 -6.933858e+03 -1.497559e+03
-2.733099e+03 -6.931934e+03 -1.505631e+03
-2.733521e+03 -6.930003e+03 -1.513701e+03
-2.733941e+03 -6.928063e+03 -1.521769e+03
-2.734358e+03 -6.926114e+03 -1.529836e+03
-2.734771e+03 -6.924157e+03 -1.537900e+03
-2.735181e+03 -6.922192e+03 -1.545963e+03
-2.735587e+03 -6.920219e+03 -1.554024e+03
-2.735990e+03 -6.918237e+03 -1.562083e+03
-2.736390e+03 -6.916247e+03 -1.570140e+03
-2.736787e+03 -6.914249e+03 -1.578195e+03
-2.737181e+03 -6.912243e+03 -1.586249e+03
-2.737571e+03 -6.910228e+03 -1.594300e+03
-2.737958e+03 -6.908205e+03 -1.602350e+03
-2.738341e+03 -6.906173e+03 -1.610397e+03
-2.738721e+03 -6.904134e+03 -1.618443e+03
-2.739098e+03 -6.902086e+03 -1.626486e+03
-2.739472e+03 -6.900030e+03 -1.634528e+03
-2.739843e+03 -6.897965e+03 -1.642568e+03
-2.740210e+03 -6.895893e+03 -1.650605e+03
-2.740574e+03 -6.893812e+03 -1.658641e+03
-2.740934e+03 -6.891722e+03 -1.666675e+03
-2.741292e+03 -6.889625e+03 -1.674707e+03
-2.741646e+03 -6.887519e+03 -1.682736e+03
-2.741996e+03 -6.885405e+03 -1.690764e+03
-2.742344e+03 -6.883283e+03 -1.698790e+03
-2.742688e+03 -6.881152e+03 -1.706813e+03
-2.743029e+03 -6.879013e+03 -1.714835e+03
-2.743366e+03 -6.876866e+03 -1.722854e+03
-2.743701e+03 -6.874711e+03 -1.730872e+03
-2.744032e+03 -6.872547e+03 -1.738887e+03
-2.744359e+03 -6.870376e+03 -1.746900e+03
-2.744684e+03 -6.868196e+03 -1.754911e+03
-2.745005e+03 -6.866007e+03 -1.762920e+03
-2.745323e+03 -6.863811e+03 -1.770927e+03
-2.745637e+03 -6.861606e+03 -1.778932e+03
-2.745949e+03 -6.859393e+03 -1.786934e+03
-2.746257e+03 -6.857172e+03 -1.794934e+03
-2.746561e+03 -6.854943e+03 -1.802933e+03
-2.746863e+03 -6.852705e+03 -1.810929e+03
-2.747161e+03 -6.850459e+03 -1.818923e+03
-2.747456e+03 -6.848205e+03 -1.826914e+03
-2.747747e+03 -6.845943e+03 -1.834904e+03
-2.748035e+03 -6.843673e+03 -1.842891e+03
-2.748320e+03 -6.841394e+03 -1.850876e+03
-2.748602e+03 -6.839107e+03 -1.858859e+03
-2.748880e+03 -6.836812e+03 -1.866839e+03
-2.749155e+03 -6.834509e+03 -1.874818e+03
-2.749427e+03 -6.832198e+03 -1.882794e+03
-2.749695e+03 -6.829878e+03 -1.890767e+03
-2.749960e+03 -6.827550e+03 -1.898739e+03
-2.750222e+03 -6.825214e+03 -1.906708e+03
-2.750481e+03 -6.822870e+03 -1.914675e+03
-2.750736e+03 -6.820518e+03 -1.922640e+03
-2.750988e+03 -6.818157e+03 -1.930602e+03
-2.751237e+03 -6.815789e+03 -1.938562e+03
-2.751482e+03 -6.813412e+03 -1.946519e+03
-2.751724e+03 -6.811027e+03 -1.954474e+03
-2.751963e+03 -6.808634e+03 -1.962427e+03
-2.752198e+03 -6.806232e+03 -1.970378e+03
-2.752431e+03 -6.803823e+03 -1.978326e+03
-2.752659e+03 -6.801405e+03 -1.986272e+03
-2.752885e+03 -6.798979e+03 -1.994215e+03
-2.753107e+03 -6.796545e+03 -2.002156e+03
-2.753326e+03 -6.794103e+03 -2.010095e+03
-2.753542e+03 -6.791653e+03 -2.018031e+03
-2.753754e+03 -6.789195e+03 -2.025964e+03
-2.753963e+03 -6.786728e+03 -2.033896e+03
-2.754169e+03 -6.784254e+03 -2.041824e+03
-2.754371e+03 -6.781771e+03 -2.049751e+03
-2.754571e+03 -6.779280e+03 -2.057674e+03
-2.754766e+03 -6.776781e+03 -2.065596e+03
-2.754959e+03 -6.774274e+03 -2.073515e+03
-2.755148e+03 -6.771758e+03 -2.081431e+03
-2.755334e+03 -6.769235e+03 -2.089345e+03
-2.755517e+03 -6.766703e+03 -2.097256e+03
-2.755696e+03 -6.764164e+03 -2.105165e+03
-2.755872e+03 -6.761616e+03 -2.113071e+03
-2.756045e+03 -6.759060e+03 -2.120975e+03
-2.756214e+03 -6.756496e+03 -2.128876e+03
-2.756380e+03 -6.753924e+03 -2.136774e+03
-2.756543e+03 -6.751344e+03 -2.144670e+03
-2.756703e+03 -6.748756e+03 -2.152564e+03
-2.756859e+03 -6.746160e+03 -2.160455e+03
-2.757012e+03 -6.743555e+03 -2.168343e+03
-2.757162e+03 -6.740943e+03 -2.176228e+03
-2.757308e+03 -6.738322e+03 -2.184111e+03
-2.757451e+03 -6.735694e+03 -2.191992e+03
-2.757590e+03 -6.733057e+03 -2.199869e+03
-2.757727e+03 -6.730412e+03 -2.207744e+03
-2.757860e+03 -6.727759e+03 -2.215617e+03
-2.757990e+03 -6.725099e+03 -2.223486e+03
-2.758116e+03 -6.722430e+03 -2.231353e+03
-2.758239e+03 -6.719753e+03 -2.239218e+03
-2.758359e+03 -6.717068e+03 -2.247079e+03
-2.758476e+03 -6.714374e+03 -2.254938e+03
-2.758589e+03 -6.711673e+03 -2.262794e+03
-2.758699e+03 -6.708964e+03 -2.270648e+03
-2.758806e+03 -6.706247e+03 -2.278498e+03
-2.758909e+03 -6.703522e+03 -2.286346e+03
-2.759009e+03 -6.700788e+03 -2.294192e+03
-2.759106e+03 -6.698047e+03 -2.302034e+03
-2.759199e+03 -6.695298e+03 -2.309874e+03
-2.759289e+03 -6.692540e+03 -2.317710e+03
-2.759376e+03 -6.689775e+03 -2.325545e+03
-2.759459e+03 -6.687001e+03 -2.333376e+03
-2.759540e+03 -6.684220e+03 -2.341204e+03
-2.759616e+03 -6.681431e+03 -2.349030e+03
-2.759690e+03 -6.678633e+03 -2.356853e+03
-2.759760e+03 -6.675828e+03 -2.364672e+03
-2.759827e+03 -6.673014e+03 -2.372490e+03
-2.759891e+03 -6.670193e+03 -2.380304e+03
-2.759951e+03 -6.667363e+03 -2.388115e+03
-2.760008e+03 -6.664526e+03 -2.395924e+03
-2.760062e+03 -6.661680e+03 -2.403729e+03
-2.760112e+03 -6.658827e+03 -2.411532e+03
-2.760159e+03 -6.655966e+03 -2.419332e+03
-2.760203e+03 -6.653096e+03 -2.427128e+03
-2.760244e+03 -6.650219e+03 -2.434922e+03
-2.760281e+03 -6.647334e+03 -2.442713e+03
-2.760315e+03 -6.644440e+03 -2.450501e+03
-2.760345e+03 -6.641539e+03 -2.458286e+03
-2.760372e+03 -6.638630e+03 -2.466068e+03
-2.760396e+03 -6.635713e+03 -2.473848e+03
-2.760417e+03 -6.632788e+03 -2.481624e+03
-2.760434e+03 -6.629855e+03 -2.489397e+03
-2.760448e+03 -6.626914e+03 -2.497167e+03
-2.760459e+03 -6.623965e+03 -2.504934e+03
-2.760467e+03 -6.621008e+03 -2.512698e+03
-2.760471e+03 -6.618043e+03 -2.520459e+03
-2.760471e+03 -6.615071e+03 -2.528217e+03
-2.760469e+03 -6.612090e+03 -2.535972e+03
-2.760463e+03 -6.609101e+03 -2.543724e+03
-2.760454e+03 -6.606105e+03 -2.551473e+03
-2.760441e+03 -6.603101e+03 -2.559219e+03
-2.760426e+03 -6.600088e+03 -2.566962e+03
-2.760407e+03 -6.597068e+03 -2.574701e+03
-2.760384e+03 -6.594040e+03 -2.582438e+03
-2.760359e+03 -6.591004e+03 -2.590171e+03
-2.760330e+03 -6.587960e+03 -2.597901e+03
-2.760297e+03 -6.584908e+03 -2.605628e+03
-2.760262e+03 -6.581849e+03 -2.613352e+03
-2.760223e+03 -6.578781e+03 -2.621073e+03
-2.760181e+03 -6.575706e+03 -2.628791e+03
-2.760135e+03 -6.572622e+03 -2.636505e+03
-2.760086e+03 -6.569531e+03 -2.644217e+03
-2.760034e+03 -6.566432e+03 -2.651925e+03
-2.759979e+03 -6.563325e+03 -2.659630e+03
-2.759920e+03 -6.560210e+03 -2.667331e+03
-2.759858e+03 -6.557088e+03 -2.675030e+03
-2.759793e+03 -6.553957e+03 -2.682725e+03
-2.759724e+03 -6.550819e+03 -2.690417e+03
-2.759652e+03 -6.547672e+03 -2.698106e+03
-2.759577e+03 -6.544518e+03 -2.705791e+03
-2.759498e+03 -6.541357e+03 -2.713473e+03
-2.759416e+03 -6.538187e+03 -2.721152e+03
-2.759331e+03 -6.535009e+03 -2.728828e+03
-2.759242e+03 -6.531824e+03 -2.736501e+03
-2.759151e+03 -6.528631e+03 -2.744170e+03
-2.759055e+03 -6.525430e+03 -2.751835e+03
-2.758957e+03 -6.522221e+03 -2.759498e+03
-2.758855e+03 -6.519004e+03 -2.767157e+03
-2.758750e+03 -6.515780e+03 -2.774813e+03
-2.758642e+03 -6.512547e+03 -2.782465e+03
-2.758530e+03 -6.509307e+03 -2.790114e+03
-2.758415e+03 -6.506059e+03 -2.797760e+03
-2.758297e+03 -6.502804e+03 -2.805402e+03
-2.758176e+03 -6.499540e+03 -2.813041e+03
-2.758051e+03 -6.496269e+03 -2.820677e+03
-2.757922e+03 -6.492990e+03 -2.828309e+03
-2.757791e+03 -6.489703e+03 -2.835938e+03
-2.757656e+03 -6.486409e+03 -2.843563e+03
-2.757518e+03 -6.483106e+03 -2.851185e+03
-2.757377e+03 -6.479796e+03 -2.858804e+03
-2.757232e+03 -6.476478e+03 -2.866419e+03
-2.757084e+03 -6.473153e+03 -2.874030e+03
-2.756933e+03 -6.469819e+03 -2.881638e+03
-2.756778e+03 -6.466478e+03 -2.889243e+03
-2.756620e+03 -6.463129e+03 -2.896844e+03
-2.756459e+03 -6.459773e+03 -2.904442e+03
-2.756295e+03 -6.456408e+03 -2.912036e+03
-2.756127e+03 -6.453036e+03 -2.919626e+03
-2.755956e+03 -6.449656e+03 -2.927213e+03
-2.755781e+03 -6.446269e+03 -2.934797e+03
-2.755604e+03 -6.442874e+03 -2.942377e+03
-2.755423e+03 -6.439471e+03 -2.949953e+03
-2.755238e+03 -6.436060e+03 -2.957526e+03
-2.755051e+03 -6.432642e+03 -2.965096e+03
-2.754860e+03 -6.429215e+03 -2.972661e+03
-2.754666e+03 -6.425782e+03 -2.980224e+03
-2.754468e+03 -6.422340e+03 -2.987782e+03
-2.754267e+03 -6.418891e+03 -2.995337e+03
-2.754063e+03 -6.415434e+03 -3.002889e+03
-2.753856e+03 -6.411970e+03 -3.010436e+03
-2.753645e+03 -6.408497e+03 -3.017980e+03
-2.753431e+03 -6.405017e+03 -3.025521e+03
-2.753214e+03 -6.401530e+03 -3.033058e+03
-2.752993e+03 -6.398035e+03 -3.040591e+03
-2.752769e+03 -6.394532e+03 -3.048120e+03
-2.752542e+03 -6.391021e+03 -3.055646e+03
-2.752312e+03 -6.387503e+03 -3.063168e+03
-2.752078e+03 -6.383977e+03 -3.070687e+03
-2.751841e+03 -6.380444e+03 -3.078202e+03
-2.751600e+03 -6.376902e+03 -3.085713e+03
-2.751357e+03 -6.373354e+03 -3.093220e+03
-2.751110e+03 -6.369797e+03 -3.100723e+03
-2.750859e+03 -6.366233e+03 -3.108223e+03
-2.750606e+03 -6.362662e+03 -3.115719e+03
-2.750349e+03 -6.359082e+03 -3.123212e+03
-2.750089e+03 -6.355495e+03 -3.130700e+03
-2.749825e+03 -6.351901e+03 -3.138185e+03
-2.749559e+03 -6.348299e+03 -3.145666e+03
-2.749289e+03 -6.344689e+03 -3.153143e+03
-2.749015e+03 -6.341072e+03 -3.160616e+03
-2.748739e+03 -6.337447e+03 -3.168086e+03
-2.748459e+03 -6.333814e+03 -3.175552e+03
-2.748176e+03 -6.330174e+03 -3.183014e+03
-2.747889e+03 -6.326527e+03 -3.190472e+03
-2.747599e+03 -6.322872e+03 -3.197926e+03
-2.747306e+03 -6.319209e+03 -3.205376e+03
-2.747010e+03 -6.315538e+03 -3.212823e+03
-2.746710e+03 -6.311860e+03 -3.220266e+03
-2.746407e+03 -6.308175e+03 -3.227704e+03
-2.746101e+03 -6.304482e+03 -3.235139e+03
-2.745792e+03 -6.300781e+03 -3.242570e+03
-2.745479e+03 -6.297073e+03 -3.249997e+03
-2.745163e+03 -6.293358e+03 -3.257420e+03
-2.744843e+03 -6.289634e+03 -3.264839e+03
-2.744521e+03 -6.285904e+03 -3.272255e+03
-2.744195e+03 -6.282165e+03 -3.279666e+03
-2.743866e+03 -6.278420e+03 -3.287073e+03
-2.743533e+03 -6.274666e+03 -3.294477e+03
-2.743197e+03 -6.270906e+03 -3.301876e+03
-2.742858e+03 -6.267137e+03 -3.309272e+03
-2.742516e+03 -6.263362e+03 -3.316663e+03
-2.742170e+03 -6.259578e+03 -3.324051e+03
-2.741821e+03 -6.255787e+03 -3.331434e+03
-2.741469e+03 -6.251989e+03 -3.338813e+03
-2.741113e+03 -6.248183e+03 -3.346189e+03
-2.740755e+03 -6.244370e+03 -3.353560e+03
-2.740393e+03 -6.240549e+03 -3.360927e+03
-2.740027e+03 -6.236721e+03 -3.368291e+03
-2.739659e+03 -6.232886e+03 -3.375650e+03
-2.739287e+03 -6.229043e+03 -3.383005e+03
-2.738911e+03 -6.225192e+03 -3.390356e+03
-2.738533e+03 -6.221334e+03 -3.397703e+03
-2.738151e+03 -6.217468e+03 -3.405046e+03
-2.737766e+03 -6.213596e+03 -3.412385e+03
-2.737378e+03 -6.209715e+03 -3.419719e+03
-2.736986e+03 -6.205827e+03 -3.427050e+03
-2.736591e+03 -6.201932e+03 -3.434376e+03
-2.736193e+03 -6.198030e+03 -3.441698e+03
-2.735792e+03 -6.194120e+03 -3.449016e+03
-2.735387e+03 -6.190202e+03 -3.456330e+03
-2.734979e+03 -6.186277e+03 -3.463640e+03
-2.734568e+03 -6.182345e+03 -3.470946e+03
-2.734154e+03 -6.178405e+03 -3.478247e+03
-2.733736e+03 -6.174458e+03 -3.485544e+03
-2.733315e+03 -6.170504e+03 -3.492837e+03
-2.732890e+03 -6.166542e+03 -3.500126e+03
-2.732463e+03 -6.162573e+03 -3.507410e+03
-2.732032e+03 -6.158596e+03 -3.514691e+03
-2.731598e+03 -6.154612e+03 -3.521967e+03
-2.731160e+03 -6.150621e+03 -3.529239e+03
-2.730720e+03 -6.146622e+03 -3.536506e+03
-2.730276e+03 -6.142616e+03 -3.543770e+03
-2.729829e+03 -6.138603e+03 -3.551029e+03
-2.729378e+03 -6.134582e+03 -3.558283e+03
-2.728924e+03 -6.130554e+03 -3.565534e+03
-2.728467e+03 -6.126518e+03 -3.572780e+03
-2.728007e+03 -6.122476e+03 -3.580022e+03
-2.727543e+03 -6.118426e+03 -3.587259e+03
-2.727077e+03 -6.114368e+03 -3.594493e+03
-2.726607e+03 -6.110304e+03 -3.601721e+03
-2.726133e+03 -6.106232e+03 -3.608946e+03
-2.725657e+03 -6.102152e+03 -3.616166e+03
-2.725177e+03 -6.098066e+03 -3.623382e+03
-2.724694e+03 -6.093972e+03 -3.630593e+03
-2.724207e+03 -6.089870e+03 -3.637800e+03
-2.723718e+03 -6.085762e+03 -3.645003e+03
-2.723225e+03 -6.081646e+03 -3.652201e+03
-2.722728e+03 -6.077523e+03 -3.659395e+03
-2.722229e+03 -6.073393e+03 -3.666585e+03
-2.721726e+03 -6.069255e+03 -3.673770e+03
-2.721220e+03 -6.065110e+03 -3.680950e+03
-2.720711e+03 -6.060958e+03 -3.688127e+03
-2.720199e+03 -6.056799e+03 -3.695298e+03
-2.719683e+03 -6.052632e+03 -3.702466e+03
-2.719164e+03 -6.048458e+03 -3.709628e+03
-2.718642e+03 -6.044277e+03 -3.716787e+03
-2.718116e+03 -6.040089e+03 -3.723941e+03
-2.717588e+03 -6.035893e+03 -3.731090e+03
-2.717056e+03 -6.031691e+03 -3.738235e+03
-2.716520e+03 -6.027481e+03 -3.745375e+03
-2.715982e+03 -6.023263e+03 -3.752511e+03
-2.715440e+03 -6.019039e+03 -3.759642e+03
-2.714895e+03 -6.014807e+03 -3.766769e+03
-2.714347e+03 -6.010569e+03 -3.773891e+03
-2.713795e+03 -6.006323e+03 -3.781009e+03
-2.713241e+03 -6.002069e+03 -3.788122e+03
-2.712683e+03 -5.997809e+03 -3.795231e+03
-2.712121e+03 -5.993542e+03 -3.802335e+03
-2.711557e+03 -5.989267e+03 -3.809434e+03
-2.710989e+03 -5.984985e+03 -3.816529e+03
-2.710418e+03 -5.980696e+03 -3.823619e+03
-2.709844e+03 -5.976400e+03 -3.830705e+03
-2.709267e+03 -5.972096e+03 -3.837786e+03
-2.708686e+03 -5.967786e+03 -3.844862e+03
-2.708102e+03 -5.963468e+03 -3.851934e+03
-2.707515e+03 -5.959144e+03 -3.859001e+03
-2.706925e+03 -5.954812e+03 -3.866063e+03
-2.706331e+03 -5.950473e+03 -3.873121e+03
-2.705734e+03 -5.946127e+03 -3.880174e+03
-2.705134e+03 -5.941774e+03 -3.887223e+03
-2.704530e+03 -5.937413e+03 -3.894266e+03
-2.703924e+03 -5.933046e+03 -3.901305e+03
-2.703314e+03 -5.928671e+03 -3.908340e+03
-2.702701e+03 -5.924290e+03 -3.915369e+03
-2.702085e+03 -5.919901e+03 -3.922394e+03
-2.701465e+03 -5.915505e+03 -3.929414e+03
-2.700842e+03 -5.911102e+03 -3.936430e+03
-2.700216e+03 -5.906692e+03 -3.943440e+03
-2.699587e+03 -5.902275e+03 -3.950446e+03
-2.698955e+03 -5.897851e+03 -3.957447e+03
-2.698319e+03 -5.893420e+03 -3.964444e+03
-2.697680e+03 -5.888982e+03 -3.971435e+03
-2.697038e+03 -5.884537e+03 -3.978422e+03
-2.696393e+03 -5.880085e+03 -3.985404e+03
-2.695744e+03 -5.875626e+03 -3.992381e+03
-2.695092e+03 -5.871159e+03 -3.999354e+03
-2.694437e+03 -5.866686e+03 -4.006321e+03
-2.693779e+03 -5.862206e+03 -4.013284e+03
-2.693117e+03 -5.857718e+03 -4.020242e+03
-2.692453e+03 -5.853224e+03 -4.027195e+03
-2.691785e+03 -5.848723e+03 -4.034143e+03
-2.691114e+03 -5.844214e+03 -4.041087e+03
-2.690439e+03 -5.839699e+03 -4.048025e+03
-2.689762e+03 -5.835177e+03 -4.054959e+03
-2.689081e+03 -5.830648e+03 -4.061888e+03
-2.688397e+03 -5.826111e+03 -4.068811e+03
-2.687710e+03 -5.821568e+03 -4.075730e+03
-2.687019e+03 -5.817018e+03 -4.082644e+03
-2.686325e+03 -5.812461e+03 -4.089553e+03
-2.685629e+03 -5.807897e+03 -4.096457e+03
-2.684929e+03 -5.803326e+03 -4.103357e+03
-2.684225e+03 -5.798748e+03 -4.110251e+03
-2.683519e+03 -5.794163e+03 -4.117140e+03
-2.682809e+03 -5.789571e+03 -4.124025e+03
-2.682096e+03 -5.784972e+03 -4.130904e+03
-2.681380e+03 -5.780367e+03 -4.137778e+03
-2.680661e+03 -5.775754e+03 -4.144648e+03
-2.679938e+03 -5.771135e+03 -4.151512e+03
-2.679212e+03 -5.766508e+03 -4.158371e+03
-2.678483e+03 -5.761875e+03 -4.165226e+03
-2.677751e+03 -5.757235e+03 -4.172075e+03
-2.677016e+03 -5.752588e+03 -4.178919e+03
-2.676277e+03 -5.747934e+03 -4.185759e+03
-2.675535e+03 -5.743273e+03 -4.192593e+03
-2.674790e+03 -5.738606e+03 -4.199422e+03
-2.674042e+03 -5.733931e+03 -4.206246e+03
-2.673291e+03 -5.729250e+03 -4.213065e+03
-2.672536e+03 -5.724562e+03 -4.219879e+03
-2.671779e+03 -5.719867e+03 -4.226688e+03
-2.671018e+03 -5.715165e+03 -4.233492e+03
-2.670253e+03 -5.710456e+03 -4.240291e+03
-2.669486e+03 -5.705741e+03 -4.247084e+03
-2.668716e+03 -5.701018e+03 -4.253873e+03
-2.667942e+03 -5.696289e+03 -4.260656e+03
-2.667165e+03 -5.691553e+03 -4.267434e+03
-2.666385e+03 -5.686810e+03 -4.274207e+03
-2.665601e+03 -5.682061e+03 -4.280975e+03
-2.664815e+03 -5.677305e+03 -4.287738e+03
-2.664025e+03 -5.672541e+03 -4.294496e+03
-2.663232e+03 -5.667771e+03 -4.301248e+03
-2.662436e+03 -5.662995e+03 -4.307995e+03
-2.661637e+03 -5.658211e+03 -4.314737e+03
-2.660835e+03 -5.653421e+03 -4.321474e+03
-2.660029e+03 -5.648624e+03 -4.328206e+03
-2.659220e+03 -5.643820e+03 -4.334932e+03
-2.658408e+03 -5.639010e+03 -4.341653e+03
-2.657593e+03 -5.634193e+03 -4.348369e+03
-2.656775e+03 -5.629369e+03 -4.355080e+03
-2.655954e+03 -5.624538e+03 -4.361785e+03
-2.655129e+03 -5.619701e+03 -4.368486e+03
-2.654301e+03 -5.614857e+03 -4.375180e+03
-2.653470e+03 -5.610006e+03 -4.381870e+03
-2.652636e+03 -5.605148e+03 -4.388555e+03
-2.651799e+03 -5.600284e+03 -4.395234e+03
-2.650958e+03 -5.595413e+03 -4.401907e+03
-2.650114e+03 -5.590536e+03 -4.408576e+03
-2.649268e+03 -5.585651e+03 -4.415239e+03
-2.648417e+03 -5.580760e+03 -4.421897e+03
-2.647564e+03 -5.575863e+03 -4.428549e+03
-2.646708e+03 -5.570959e+03 -4.435197e+03
-2.645848e+03 -5.566048e+03 -4.441838e+03
-2.644986e+03 -5.561130e+03 -4.448475e+03
-2.644120e+03 -5.556206e+03 -4.455106e+03
-2.643251e+03 -5.551275e+03 -4.461732e+03
-2.642379e+03 -5.546338e+03 -4.468352e+03
-2.641503e+03 -5.541394e+03 -4.474967e+03
-2.640625e+03 -5.536443e+03 -4.481577e+03
-2.639743e+03 -5.531485e+03 -4.488181e+03
-2.638858e+03 -5.526522e+03 -4.494780e+03
-2.637971e+03 -5.521551e+03 -4.501373e+03
-2.637079e+03 -5.516574e+03 -4.507961e+03
-2.636185e+03 -5.511590e+03 -4.514544e+03
-2.635288e+03 -5.506600e+03 -4.521121e+03
-2.634387e+03 -5.501603e+03 -4.527692e+03
-2.633484e+03 -5.496599e+03 -4.534258e+03
-2.632577e+03 -5.491589e+03 -4.540819e+03
-2.631667e+03 -5.486573e+03 -4.547374e+03
-2.630754e+03 -5.481550e+03 -4.553924e+03
-2.629837e+03 -5.476520e+03 -4.560468e+03
-2.628918e+03 -5.471484e+03 -4.567007e+03
-2.627995e+03 -5.466441e+03 -4.573540e+03
-2.627070e+03 -5.461392e+03 -4.580068e+03
-2.626141e+03 -5.456336e+03 -4.586590e+03
-2.625209e+03 -5.451274e+03 -4.593107e+03
-2.624274e+03 -5.446205e+03 -4.599618e+03
-2.623335e+03 -5.441129e+03 -4.606124e+03
-2.622394e+03 -5.436048e+03 -4.612624e+03
-2.621449e+03 -5.430959e+03 -4.619118e+03
-2.620502e+03 -5.425864e+03 -4.625607e+03
-2.619551e+03 -5.420763e+03 -4.632091e+03
-2.618597e+03 -5.415655e+03 -4.638569e+03
-2.617640e+03 -5.410541e+03 -4.645041e+03
-2.616680e+03 -5.405421e+03 -4.651507e+03
-2.615716e+03 -5.400293e+03 -4.657968e+03
-2.614750e+03 -5.395160e+03 -4.664424e+03
-2.613780e+03 -5.390020e+03 -4.670874e+03
-2.612808e+03 -5.384873e+03 -4.677318e+03
-2.611832e+03 -5.379720e+03 -4.683756e+03
-2.610853e+03 -5.374561e+03 -4.690189e+03
-2.609871e+03 -5.369395e+03 -4.696616e+03
-2.608886e+03 -5.364223e+03 -4.703038e+03
-2.607898e+03 -5.359045e+03 -4.709454e+03
-2.606906e+03 -5.353860e+03 -4.715864e+03
-2.605912e+03 -5.348668e+03 -4.722269e+03
-2.604914e+03 -5.343471e+03 -4.728667e+03
-2.603913e+03 -5.338267e+03 -4.735061e+03
-2.602909e+03 -5.333056e+03 -4.741448e+03
-2.601902e+03 -5.327839e+03 -4.747830e+03
-2.600892e+03 -5.322616e+03 -4.754206e+03
-2.599879e+03 -5.317386e+03 -4.760576e+03
-2.598863e+03 -5.312151e+03 -4.766941e+03
-2.597844e+03 -5.306908e+03 -4.773299e+03
-2.596821e+03 -5.301660e+03 -4.779652e+03
-2.595796e+03 -5.296405e+03 -4.786000e+03
-2.594767e+03 -5.291144e+03 -4.792341e+03
-2.593735e+03 -5.285876e+03 -4.798677e+03
-2.592700e+03 -5.280602e+03 -4.805007e+03
-2.591662e+03 -5.275322e+03 -4.811331e+03
-2.590621e+03 -5.270036e+03 -4.817650e+03
-2.589577e+03 -5.264743e+03 -4.823962e+03
-2.588530e+03 -5.259444e+03 -4.830269e+03
-2.587479e+03 -5.254139e+03 -4.836570e+03
-2.586426e+03 -5.248827e+03 -4.842865e+03
-2.585369e+03 -5.243509e+03 -4.849154e+03
-2.584310e+03 -5.238185e+03 -4.855438e+03
-2.583247e+03 -5.232855e+03 -4.861715e+03
-2.582181e+03 -5.227518e+03 -4.867987e+03
-2.581112e+03 -5.222175e+03 -4.874253e+03
-2.580040e+03 -5.216826e+03 -4.880513e+03
-2.578965e+03 -5.211471e+03 -4.886767e+03
-2.577887e+03 -5.206110e+03 -4.893015e+03
-2.576806e+03 -5.200742e+03 -4.899258e+03
-2.575722e+03 -5.195368e+03 -4.905494e+03
-2.574634e+03 -5.189988e+03 -4.911725e+03
-2.573544e+03 -5.184602e+03 -4.917949e+03
-2.572450e+03 -5.179209e+03 -4.924168e+03
-2.571354e+03 -5.173810e+03 -4.930381e+03
-2.570254e+03 -5.168406e+03 -4.936588e+03
-2.569151e+03 -5.162995e+03 -4.942788e+03
-2.568045e+03 -5.157577e+03 -4.948983e+03
-2.566937e+03 -5.152154e+03 -4.955172e+03
-2.565825e+03 -5.146725e+03 -4.961355e+03
-2.564710e+03 -5.141289e+03 -4.967532e+03
-2.563592e+03 -5.135847e+03 -4.973703e+03
-2.562471e+03 -5.130399e+03 -4.979868e+03
-2.561346e+03 -5.124946e+03 -4.986028e+03
-2.560219e+03 -5.119485e+03 -4.992181e+03
-2.559089e+03 -5.114019e+03 -4.998328e+03
-2.557955e+03 -5.108547e+03 -5.004469e+03
-2.556819e+03 -5.103069e+03 -5.010604e+03
-2.555680e+03 -5.097584e+03 -5.016733e+03
-2.554537e+03 -5.092094e+03 -5.022855e+03
-2.553392e+03 -5.086597e+03 -5.028972e+03
-2.552243e+03 -5.081094e+03 -5.035083e+03
-2.551091e+03 -5.075585e+03 -5.041188e+03
-2.549937e+03 -5.070071e+03 -5.047286e+03
-2.548779e+03 -5.064550e+03 -5.053379e+03
-2.547618e+03 -5.059023e+03 -5.059466e+03
-2.546454e+03 -5.053490e+03 -5.065546e+03
-2.545287e+03 -5.047951e+03 -5.071620e+03
-2.544118e+03 -5.042406e+03 -5.077688e+03
-2.542945e+03 -5.036855e+03 -5.083751e+03
-2.541769e+03 -5.031298e+03 -5.089806e+03
-2.540590e+03 -5.025735e+03 -5.095856e+03
-2.539408e+03 -5.020166e+03 -5.101900e+03
-2.538222e+03 -5.014591e+03 -5.107938e+03
-2.537034e+03 -5.009010e+03 -5.113969e+03
-2.535843e+03 -5.003423e+03 -5.119994e+03
-2.534649e+03 -4.997830e+03 -5.126013e+03
-2.533452e+03 -4.992232e+03 -5.132026e+03
-2.532252e+03 -4.986627e+03 -5.138033e+03
-2.531048e+03 -4.981016e+03 -5.144033e+03
-2.529842e+03 -4.975399e+03 -5.150028e+03
-2.528633e+03 -4.969777e+03 -5.156016e+03
-2.527421e+03 -4.964148e+03 -5.161998e+03
-2.526205e+03 -4.958514e+03 -5.167973e+03
-2.524987e+03 -4.952873e+03 -5.173943e+03
-2.523766e+03 -4.947227e+03 -5.179906e+03
-2.522541e+03 -4.941575e+03 -5.185863e+03
-2.521314e+03 -4.935917e+03 -5.191814e+03
-2.520084e+03 -4.930253e+03 -5.197759e+03
-2.518850e+03 -4.924583e+03 -5.203697e+03
-2.517614e+03 -4.918907e+03 -5.209629e+03
-2.516374e+03 -4.913226e+03 -5.215554e+03
-2.515132e+03 -4.907538e+03 -5.221474e+03
-2.513887e+03 -4.901845e+03 -5.227387e+03
-2.512638e+03 -4.896146e+03 -5.233294e+03
-2.511387e+03 -4.890441e+03 -5.239194e+03
-2.510132e+03 -4.884730e+03 -5.245089e+03
-2.508875e+03 -4.879014e+03 -5.250977e+03
-2.507615e+03 -4.873292e+03 -5.256858e+03
-2.506351e+03 -4.867563e+03 -5.262734e+03
-2.505085e+03 -4.861829e+03 -5.268602e+03
-2.503816e+03 -4.856090e+03 -5.274465e+03
-2.502543e+03 -4.850344e+03 -5.280321e+03
-2.501268e+03 -4.844593e+03 -5.286171e+03
-2.499990e+03 -4.838835e+03 -5.292015e+03
-2.498708e+03 -4.833073e+03 -5.297852e+03
-2.497424e+03 -4.827304e+03 -5.303683e+03
-2.496137e+03 -4.821530e+03 -5.309507e+03
-2.494847e+03 -4.815749e+03 -5.315325e+03
-2.493553e+03 -4.809963e+03 -5.321137e+03
-2.492257e+03 -4.804172e+03 -5.326942e+03
-2.490958e+03 -4.798375e+03 -5.332741e+03
-2.489656e+03 -4.792571e+03 -5.338533e+03
-2.488351e+03 -4.786763e+03 -5.344319e+03
-2.487043e+03 -4.780948e+03 -5.350098e+03
-2.485732e+03 -4.775128e+03 -5.355871e+03
-2.484418e+03 -4.769302e+03 -5.361638e+03
-2.483101e+03 -4.763471e+03 -5.367398e+03
-2.481781e+03 -4.757634e+03 -5.373152e+03
-2.480458e+03 -4.751791e+03 -5.378899e+03
-2.479132e+03 -4.745942e+03 -5.384640e+03
-2.477803e+03 -4.740088e+03 -5.390374e+03
-2.476472e+03 -4.734228e+03 -5.396102e+03
-2.475137e+03 -4.728363e+03 -5.401823e+03
-2.473799e+03 -4.722492e+03 -5.407538e+03
-2.472459e+03 -4.716615e+03 -5.413246e+03
-2.471115e+03 -4.710732e+03 -5.418948e+03
-2.469769e+03 -4.704845e+03 -5.424643e+03
-2.468419e+03 -4.698951e+03 -5.430332e+03
-2.467067e+03 -4.693052e+03 -5.436014e+03
-2.465711e+03 -4.687147e+03 -5.441690e+03
-2.464353e+03 -4.681237e+03 -5.447359e+03
-2.462992e+03 -4.675321e+03 -5.453021e+03
-2.461628e+03 -4.669399e+03 -5.458677e+03
-2.460261e+03 -4.663472e+03 -5.464327e+03
-2.458891e+03 -4.657540e+03 -5.469969e+03
-2.457518e+03 -4.651602e+03 -5.475606e+03
-2.456142e+03 -4.645658e+03 -5.481235e+03
-2.454763e+03 -4.639709e+03 -5.486858e+03
-2.453381e+03 -4.633754e+03 -5.492475e+03
-2.451996e+03 -4.627794e+03 -5.498084e+03
-2.450609e+03 -4.621828e+03 -5.503688e+03
-2.449218e+03 -4.615857e+03 -5.509284e+03
-2.447825e+03 -4.609880e+03 -5.514874e+03
-2.446429e+03 -4.603898e+03 -5.520457e+03
-2.445029e+03 -4.597910e+03 -5.526034e+03
-2.443627e+03 -4.591917e+03 -5.531604e+03
-2.442222e+03 -4.585919e+03 -5.537167e+03
-2.440814e+03 -4.579915e+03 -5.542724e+03
-2.439403e+03 -4.573905e+03 -5.548274e+03
-2.437989e+03 -4.567890e+03 -5.553817e+03
-2.436573e+03 -4.561870e+03 -5.559354e+03
-2.435153e+03 -4.555844e+03 -5.564884e+03
-2.433730e+03 -4.549813e+03 -5.570407e+03
-2.432305e+03 -4.543776e+03 -5.575924e+03
-2.430877e+03 -4.537734e+03 -5.581434e+03
-2.429445e+03 -4.531686e+03 -5.586937e+03
-2.428011e+03 -4.525633e+03 -5.592433e+03
-2.426574e+03 -4.519575e+03 -5.597923e+03
-2.425134e+03 -4.513511e+03 -5.603406e+03
-2.423691e+03 -4.507442e+03 -5.608882e+03
-2.422246e+03 -4.501368e+03 -5.614351e+03
-2.420797e+03 -4.495288e+03 -5.619814e+03
-2.419346e+03 -4.489203e+03 -5.625270e+03
-2.417891e+03 -4.483113e+03 -5.630719e+03
-2.416434e+03 -4.477017e+03 -5.636162e+03
-2.414974e+03 -4.470916e+03 -5.641597e+03
-2.413511e+03 -4.464810e+03 -5.647026e+03
-2.412045e+03 -4.458698e+03 -5.652448e+03
-2.410576e+03 -4.452581e+03 -5.657863e+03
-2.409105e+03 -4.446459e+03 -5.663272e+03
-2.407630e+03 -4.440331e+03 -5.668673e+03
-2.406153e+03 -4.434198e+03 -5.674068e+03
-2.404672e+03 -4.428060e+03 -5.679456e+03
-2.403189e+03 -4.421917e+03 -5.684837e+03
-2.401703e+03 -4.415768e+03 -5.690211e+03
-2.400215e+03 -4.409614e+03 -5.695579e+03
-2.398723e+03 -4.403455e+03 -5.700939e+03
-2.397228e+03 -4.397290e+03 -5.706293e+03
-2.395731e+03 -4.391121e+03 -5.711640e+03
-2.394231e+03 -4.384946e+03 -5.716980e+03
-2.392728e+03 -4.378766e+03 -5.722313e+03
-2.391222e+03 -4.372580e+03 -5.727639e+03
-2.389713e+03 -4.366390e+03 -5.732958e+03
-2.388201e+03 -4.360194e+03 -5.738271e+03
-2.386687e+03 -4.353993e+03 -5.743576e+03
-2.385169e+03 -4.347787e+03 -5.748875e+03
-2.383649e+03 -4.341576e+03 -5.754167e+03
-2.382126e+03 -4.335360e+03 -5.759451e+03
-2.380600e+03 -4.329138e+03 -5.764729e+03
-2.379071e+03 -4.322912e+03 -5.770000e+03
-2.377540e+03 -4.316680e+03 -5.775264e+03
-2.376006e+03 -4.310443e+03 -5.780521e+03
-2.374468e+03 -4.304201e+03 -5.785771e+03
-2.372928e+03 -4.297954e+03 -5.791014e+03
-2.371385e+03 -4.291701e+03 -5.796250e+03
-2.369840e+03 -4.285444e+03 -5.801479e+03
-2.368291e+03 -4.279182e+03 -5.806702e+03
-2.366740e+03 -4.272914e+03 -5.811917e+03
-2.365186e+03 -4.266641e+03 -5.817125e+03
-2.363629e+03 -4.260364e+03 -5.822326e+03
-2.362069e+03 -4.254081e+03 -5.827520e+03
-2.360506e+03 -4.247793e+03 -5.832708e+03
-2.358941e+03 -4.241500e+03 -5.837888e+03
-2.357373e+03 -4.235202e+03 -5.843061e+03
-2.355802e+03 -4.228899e+03 -5.848227e+03
-2.354228e+03 -4.222591e+03 -5.853386e+03
-2.352651e+03 -4.216278e+03 -5.858538e+03
-2.351072e+03 -4.209960e+03 -5.863683e+03
-2.349490e+03 -4.203637e+03 -5.868821e+03
-2.347905e+03 -4.197309e+03 -5.873952e+03
-2.346317e+03 -4.190976e+03 -5.879076e+03
-2.344726e+03 -4.184638e+03 -5.884192e+03
-2.343133e+03 -4.178296e+03 -5.889302e+03
-2.341537e+03 -4.171948e+03 -5.894405e+03
-2.339938e+03 -4.165595e+03 -5.899500e+03
