0.000000000000e+00 0.000000000000e+00 0.000000000000e+00 1.000000000000e+00 0.000000000000e+00 0.000000000000e+00 0.000000000000e+00 
1.306171176797e-02 1.306824361425e-02 1.308230880112e-02 9.997437001007e-01 0.000000000000e+00 0.000000000000e+00 0.000000000000e+00 
2.606247555836e-02 2.608853026284e-02 2.614487234536e-02 9.989777683245e-01 0.000000000000e+00 0.000000000000e+00 0.000000000000e+00 
3.899555077721e-02 3.905458901750e-02 3.918089900822e-02 9.977068423386e-01 0.000000000000e+00 0.000000000000e+00 0.000000000000e+00 
5.185411772161e-02 5.196078529522e-02 5.218340974101e-02 9.959358006491e-01 0.000000000000e+00 0.000000000000e+00 0.000000000000e+00 
6.463165992996e-02 6.480119860571e-02 6.514578342573e-02 9.936697540410e-01 0.000000000000e+00 0.000000000000e+00 0.000000000000e+00 
7.732181822948e-02 7.756997010693e-02 7.806152429246e-02 9.909140399593e-01 0.000000000000e+00 0.000000000000e+00 0.000000000000e+00 
8.991829617169e-02 9.026178391818e-02 9.092395279726e-02 9.876742100436e-01 0.000000000000e+00 0.000000000000e+00 0.000000000000e+00 
1.024149959281e-01 1.028710225195e-01 1.037267211951e-01 9.839560399962e-01 0.000000000000e+00 0.000000000000e+00 0.000000000000e+00 
1.148059935102e-01 1.153921161884e-01 1.164636291737e-01 9.797655160575e-01 0.000000000000e+00 0.000000000000e+00 0.000000000000e+00 
1.270854446956e-01 1.278200385657e-01 1.291283608684e-01 9.751088113165e-01 0.000000000000e+00 0.000000000000e+00 -3.673419846320e-40 
1.392476903375e-01 1.401495212949e-01 1.417149735743e-01 9.699922982588e-01 0.000000000000e+00 0.000000000000e+00 0.000000000000e+00 
1.512872429253e-01 1.523753576437e-01 1.542177011492e-01 9.644225324842e-01 0.000000000000e+00 0.000000000000e+00 0.000000000000e+00 
1.631986974010e-01 1.644928178653e-01 1.666305460877e-01 9.584062599690e-01 0.000000000000e+00 0.000000000000e+00 0.000000000000e+00 
1.749768443090e-01 1.764969960399e-01 1.789479342209e-01 9.519503932362e-01 0.000000000000e+00 0.000000000000e+00 0.000000000000e+00 
1.866166770998e-01 1.883830815768e-01 1.911644428063e-01 9.450620012520e-01 0.000000000000e+00 0.000000000000e+00 0.000000000000e+00 
1.981132727173e-01 2.001467372927e-01 2.032745038592e-01 9.377483088788e-01 0.000000000000e+00 0.000000000000e+00 0.000000000000e+00 
2.094618734050e-01 2.117834724259e-01 2.152729359127e-01 9.300166920332e-01 0.000000000000e+00 0.000000000000e+00 0.000000000000e+00 
2.206579362060e-01 2.232888213563e-01 2.271547493610e-01 9.218746646314e-01 0.000000000000e+00 0.000000000000e+00 0.000000000000e+00 
2.316970304508e-01 2.346588291469e-01 2.389147988387e-01 9.133298631270e-01 0.000000000000e+00 0.000000000000e+00 0.000000000000e+00 
2.425749182460e-01 2.458893446960e-01 2.505483530420e-01 9.043900496969e-01 0.000000000000e+00 0.000000000000e+00 0.000000000000e+00 
2.532875440569e-01 2.569762824983e-01 2.620508977062e-01 8.950630912234e-01 0.000000000000e+00 0.000000000000e+00 -7.346839692639e-40 
2.638309565233e-01 2.679160581378e-01 2.734176773257e-01 8.853569821816e-01 0.000000000000e+00 0.000000000000e+00 0.000000000000e+00 
2.742014004985e-01 2.787049967270e-01 2.846443588052e-01 8.752797871335e-01 0.000000000000e+00 0.000000000000e+00 7.346839692639e-40 
2.843952678580e-01 2.893395299891e-01 2.957268341216e-01 8.648396427003e-01 0.000000000000e+00 0.000000000000e+00 0.000000000000e+00 
2.944091310584e-01 2.998164440047e-01 3.066608033898e-01 8.540447969036e-01 0.000000000000e+00 1.836709923160e-40 0.000000000000e+00 
3.042397014093e-01 3.101323897973e-01 3.174423623744e-01 8.429035837242e-01 0.000000000000e+00 1.836709923160e-40 7.346839692639e-40 
3.138838134674e-01 3.202841337825e-01 3.280677884983e-01 8.314244111404e-01 0.000000000000e+00 -1.836709923160e-40 0.000000000000e+00 
3.233385237541e-01 3.302689037819e-01 3.385332640773e-01 8.196156900429e-01 0.000000000000e+00 1.836709923160e-40 0.000000000000e+00 
3.326010237188e-01 3.400838379084e-01 3.488353722573e-01 8.074858669208e-01 0.000000000000e+00 0.000000000000e+00 7.346839692639e-40 
3.416686643318e-01 3.497261583666e-01 3.589708509462e-01 7.950434366365e-01 0.000000000000e+00 1.836709923160e-40 -7.346839692639e-40 
3.505389793508e-01 3.591934908600e-01 3.689362562103e-01 7.822969378267e-01 -2.295887403950e-41 0.000000000000e+00 0.000000000000e+00 
3.592095797960e-01 3.684833318962e-01 3.787285749492e-01 7.692549502047e-01 0.000000000000e+00 0.000000000000e+00 0.000000000000e+00 
3.676782251636e-01 3.775932731134e-01 3.883449725011e-01 7.559260712353e-01 0.000000000000e+00 0.000000000000e+00 0.000000000000e+00 
3.759429436709e-01 3.865213302672e-01 3.977823465778e-01 7.423189133409e-01 0.000000000000e+00 0.000000000000e+00 -7.346839692639e-40 
3.840018095103e-01 3.952654245689e-01 4.070380440346e-01 7.284420945701e-01 0.000000000000e+00 0.000000000000e+00 0.000000000000e+00 
3.918529871766e-01 4.038235452623e-01 4.161096352625e-01 7.143042434245e-01 0.000000000000e+00 0.000000000000e+00 0.000000000000e+00 
3.994949200690e-01 4.121940873862e-01 4.249945317875e-01 6.999139169310e-01 0.000000000000e+00 0.000000000000e+00 7.346839692639e-40 
4.069260767306e-01 4.203753428330e-01 4.336905159693e-01 6.852797060857e-01 0.000000000000e+00 0.000000000000e+00 0.000000000000e+00 
4.141450752669e-01 4.283656974081e-01 4.421955395599e-01 6.704101660250e-01 0.000000000000e+00 0.000000000000e+00 -7.346839692639e-40 
4.211507903699e-01 4.361639238875e-01 4.505073357212e-01 6.553138055399e-01 0.000000000000e+00 0.000000000000e+00 0.000000000000e+00 
4.279420885400e-01 4.437686803543e-01 4.586240197162e-01 6.399991685400e-01 0.000000000000e+00 0.000000000000e+00 0.000000000000e+00 
4.345179066064e-01 4.511787060260e-01 4.665438783074e-01 6.244747982753e-01 0.000000000000e+00 0.000000000000e+00 0.000000000000e+00 
4.408775316780e-01 4.583931540883e-01 4.742650052474e-01 6.087490641834e-01 0.000000000000e+00 0.000000000000e+00 0.000000000000e+00 
4.470202013769e-01 4.654110449373e-01 4.817858949593e-01 5.928303722225e-01 0.000000000000e+00 0.000000000000e+00 0.000000000000e+00 
4.529452375328e-01 4.722314178872e-01 4.891052249858e-01 5.767271266797e-01 0.000000000000e+00 0.000000000000e+00 0.000000000000e+00 
4.586523130931e-01 4.788537001884e-01 4.962214037113e-01 5.604475961311e-01 0.000000000000e+00 0.000000000000e+00 0.000000000000e+00 
4.641410325407e-01 4.852772375215e-01 5.031332419260e-01 5.440000418425e-01 0.000000000000e+00 1.836709923160e-40 0.000000000000e+00 
4.694110887091e-01 4.915014475914e-01 5.098397043952e-01 5.273926740435e-01 0.000000000000e+00 0.000000000000e+00 7.346839692639e-40 
4.744624438420e-01 4.975259853989e-01 5.163395838618e-01 5.106336430100e-01 0.000000000000e+00 0.000000000000e+00 0.000000000000e+00 
4.792950461709e-01 5.033505086405e-01 5.226320129929e-01 4.937310028369e-01 0.000000000000e+00 0.000000000000e+00 0.000000000000e+00 
4.839089284830e-01 5.089748096261e-01 5.287161825872e-01 4.766927630780e-01 0.000000000000e+00 1.836709923160e-40 7.346839692639e-40 
4.883043108598e-01 5.143988581949e-01 5.345911915372e-01 4.595269008604e-01 0.000000000000e+00 0.000000000000e+00 0.000000000000e+00 
4.924814025298e-01 5.196225700941e-01 5.402564628321e-01 4.422413449456e-01 0.000000000000e+00 0.000000000000e+00 7.346839692639e-40 
4.964404957294e-01 5.246459865446e-01 5.457115409765e-01 4.248438972701e-01 0.000000000000e+00 1.836709923160e-40 0.000000000000e+00 
5.001821788405e-01 5.294693270506e-01 5.509558035776e-01 4.073422666348e-01 0.000000000000e+00 0.000000000000e+00 0.000000000000e+00 
5.037069783504e-01 5.340927735144e-01 5.559889351497e-01 3.897441381625e-01 0.000000000000e+00 0.000000000000e+00 0.000000000000e+00 
5.070154546580e-01 5.385165734494e-01 5.608107799799e-01 3.720571164708e-01 0.000000000000e+00 0.000000000000e+00 0.000000000000e+00 
5.101084909382e-01 5.427412114682e-01 5.654209306817e-01 3.542886901862e-01 0.000000000000e+00 0.000000000000e+00 0.000000000000e+00 
5.129868453747e-01 5.467670789094e-01 5.698193833795e-01 3.364463229377e-01 0.000000000000e+00 -1.836709923160e-40 0.000000000000e+00 
5.156513061093e-01 5.505945751207e-01 5.740062996093e-01 3.185374583378e-01 0.000000000000e+00 0.000000000000e+00 0.000000000000e+00 
5.181029609059e-01 5.542243483458e-01 5.779816075729e-01 3.005693845166e-01 0.000000000000e+00 0.000000000000e+00 7.346839692639e-40 
5.203428374348e-01 5.576570164013e-01 5.817455276325e-01 2.825493313888e-01 0.000000000000e+00 0.000000000000e+00 0.000000000000e+00 
5.223719537814e-01 5.608932707704e-01 5.852984534887e-01 2.644844060635e-01 0.000000000000e+00 1.836709923160e-40 0.000000000000e+00 
5.241916214286e-01 5.639339140561e-01 5.886406027158e-01 2.463816661926e-01 0.000000000000e+00 0.000000000000e+00 7.346839692639e-40 
5.258030702630e-01 5.667797503309e-01 5.917724838392e-01 2.282480521002e-01 0.000000000000e+00 0.000000000000e+00 7.346839692639e-40 
5.272075307209e-01 5.694316899357e-01 5.946947150401e-01 2.100903756754e-01 0.000000000000e+00 0.000000000000e+00 0.000000000000e+00 
5.284065630031e-01 5.718907321511e-01 5.974077202021e-01 1.919153732713e-01 0.000000000000e+00 0.000000000000e+00 7.346839692639e-40 
5.294016054985e-01 5.741578894265e-01 5.999122049177e-01 1.737296880088e-01 0.000000000000e+00 0.000000000000e+00 0.000000000000e+00 
5.301941441710e-01 5.762342117881e-01 6.022089682821e-01 1.555399021870e-01 0.000000000000e+00 0.000000000000e+00 0.000000000000e+00 
5.307859145658e-01 5.781209032349e-01 6.042986362704e-01 1.373524384320e-01 0.000000000000e+00 0.000000000000e+00 0.000000000000e+00 
5.311785310760e-01 5.798191361757e-01 6.061821230059e-01 1.191737017823e-01 0.000000000000e+00 0.000000000000e+00 -7.346839692639e-40 
5.313736531866e-01 5.813301273212e-01 6.078604329266e-01 1.010099888633e-01 0.000000000000e+00 0.000000000000e+00 0.000000000000e+00 
5.313732653639e-01 5.826552022196e-01 6.093343669396e-01 8.286734851086e-02 0.000000000000e+00 0.000000000000e+00 0.000000000000e+00 
5.311791753917e-01 5.837957008878e-01 6.106049981409e-01 6.475183009298e-02 4.591774807900e-41 0.000000000000e+00 0.000000000000e+00 
5.307932031891e-01 5.847530131029e-01 6.116734866689e-01 4.666942062754e-02 0.000000000000e+00 0.000000000000e+00 -7.346839692639e-40 
5.302174848489e-01 5.855285999053e-01 6.125408009027e-01 2.862594422622e-02 -4.591774807900e-41 0.000000000000e+00 0.000000000000e+00 
5.294539610078e-01 5.861239531743e-01 6.132081851847e-01 1.062714971466e-02 0.000000000000e+00 0.000000000000e+00 -7.346839692639e-40 
5.285046054172e-01 5.865405994588e-01 6.136769554044e-01 -7.321314425847e-03 0.000000000000e+00 0.000000000000e+00 0.000000000000e+00 
5.273717020213e-01 5.867800975426e-01 6.139482555060e-01 -2.521397620829e-02 0.000000000000e+00 0.000000000000e+00 0.000000000000e+00 
5.260573526606e-01 5.868440571076e-01 6.140234614092e-01 -4.304536198258e-02 0.000000000000e+00 0.000000000000e+00 -7.346839692639e-40 
5.245636797256e-01 5.867341324236e-01 6.139040145838e-01 -6.081007021664e-02 0.000000000000e+00 0.000000000000e+00 0.000000000000e+00 
5.228930563678e-01 5.864520169933e-01 6.135912107692e-01 -7.850292627419e-02 0.000000000000e+00 0.000000000000e+00 -7.346839692639e-40 
5.210477090196e-01 5.859994151041e-01 6.130865810694e-01 -9.611875225819e-02 0.000000000000e+00 -1.836709923160e-40 0.000000000000e+00 
5.190298717978e-01 5.853780444505e-01 6.123917517159e-01 -1.136524513030e-01 0.000000000000e+00 1.836709923160e-40 -7.346839692639e-40 
5.168421211925e-01 5.845896701068e-01 6.115080953053e-01 -1.310991561442e-01 0.000000000000e+00 1.836709923160e-40 0.000000000000e+00 
5.144868024343e-01 5.836360933368e-01 6.104372644899e-01 -1.484539888231e-01 0.000000000000e+00 0.000000000000e+00 0.000000000000e+00 
5.119662553138e-01 5.825191653677e-01 6.091809653849e-01 -1.657121806387e-01 0.000000000000e+00 0.000000000000e+00 0.000000000000e+00 
5.092831184512e-01 5.812407108936e-01 6.077407513523e-01 -1.828691346462e-01 0.000000000000e+00 0.000000000000e+00 0.000000000000e+00 
5.064398417202e-01 5.798026093976e-01 6.061183956263e-01 -1.999202624486e-01 0.000000000000e+00 0.000000000000e+00 7.346839692639e-40 
5.034388391100e-01 5.782068140976e-01 6.043157137909e-01 -2.168610925733e-01 0.000000000000e+00 -1.836709923160e-40 7.346839692639e-40 
5.002828517194e-01 5.764552210110e-01 6.023343704971e-01 -2.336872965362e-01 0.000000000000e+00 0.000000000000e+00 0.000000000000e+00 
4.969744101105e-01 5.745497924802e-01 6.001762334641e-01 -2.503946094490e-01 0.000000000000e+00 0.000000000000e+00 0.000000000000e+00 
4.935160285091e-01 5.724925296171e-01 5.978432119368e-01 -2.669788888250e-01 0.000000000000e+00 -1.836709923160e-40 0.000000000000e+00 
4.899104613543e-01 5.702853969985e-01 5.953371562446e-01 -2.834360178602e-01 0.000000000000e+00 0.000000000000e+00 0.000000000000e+00 
4.861603165637e-01 5.679304091711e-01 5.926600605555e-01 -2.997619881835e-01 0.000000000000e+00 0.000000000000e+00 0.000000000000e+00 
4.822682354134e-01 5.654295847905e-01 5.898139577423e-01 -3.159528904871e-01 0.000000000000e+00 0.000000000000e+00 0.000000000000e+00 
4.782370764713e-01 5.627849493330e-01 5.868006892251e-01 -3.320050460721e-01 0.000000000000e+00 1.836709923160e-40 0.000000000000e+00 
4.740695068943e-01 5.599985823573e-01 5.836223364154e-01 -3.479147292483e-01 0.000000000000e+00 0.000000000000e+00 0.000000000000e+00 
4.697681972071e-01 5.570726048402e-01 5.802810321750e-01 -3.636782610046e-01 0.000000000000e+00 0.000000000000e+00 -7.346839692639e-40 
4.653360331237e-01 5.540090535762e-01 5.767787994603e-01 -3.792921846353e-01 0.000000000000e+00 0.000000000000e+00 7.346839692639e-40 
4.607757087144e-01 5.508100645673e-01 5.731178237787e-01 -3.947530609094e-01 0.000000000000e+00 0.000000000000e+00 0.000000000000e+00 
4.560899449164e-01 5.474778274510e-01 5.693002816804e-01 -4.100575323955e-01 0.000000000000e+00 0.000000000000e+00 -7.346839692639e-40 
4.512817325777e-01 5.440144019173e-01 5.653282808595e-01 -4.252023791193e-01 0.000000000000e+00 0.000000000000e+00 0.000000000000e+00 
4.463538426834e-01 5.404219699117e-01 5.612040529303e-01 -4.401844528527e-01 0.000000000000e+00 0.000000000000e+00 0.000000000000e+00 
4.413089627446e-01 5.367027540888e-01 5.569299020619e-01 -4.550007003777e-01 0.000000000000e+00 0.000000000000e+00 0.000000000000e+00 
4.361500561133e-01 5.328588432904e-01 5.525080480078e-01 -4.696482072426e-01 0.000000000000e+00 0.000000000000e+00 0.000000000000e+00 
4.308799059026e-01 5.288924467619e-01 5.479407977210e-01 -4.841241252410e-01 0.000000000000e+00 0.000000000000e+00 0.000000000000e+00 
4.255012535153e-01 5.248058091614e-01 5.432304930194e-01 -4.984256989574e-01 0.000000000000e+00 0.000000000000e+00 0.000000000000e+00 
4.200170736811e-01 5.206010408895e-01 5.383794380199e-01 -5.125502851024e-01 0.000000000000e+00 0.000000000000e+00 0.000000000000e+00 
4.144301695329e-01 5.162803500556e-01 5.333900393150e-01 -5.264952997767e-01 0.000000000000e+00 0.000000000000e+00 0.000000000000e+00 
4.087432731900e-01 5.118459107692e-01 5.282647791695e-01 -5.402582931707e-01 0.000000000000e+00 0.000000000000e+00 0.000000000000e+00 
4.029593263955e-01 5.072997778654e-01 5.230060414641e-01 -5.538369771338e-01 0.000000000000e+00 0.000000000000e+00 0.000000000000e+00 
3.970810755204e-01 5.026441693571e-01 5.176162803205e-01 -5.672290937725e-01 0.000000000000e+00 0.000000000000e+00 0.000000000000e+00 
3.911112393234e-01 4.978812973738e-01 5.120979821896e-01 -5.804324843060e-01 0.000000000000e+00 0.000000000000e+00 0.000000000000e+00 
3.850527168075e-01 4.930131814780e-01 5.064536156162e-01 -5.934451477579e-01 9.183549615799e-41 0.000000000000e+00 0.000000000000e+00 
3.789082083850e-01 4.880420147998e-01 5.006856865101e-01 -6.062651274257e-01 0.000000000000e+00 0.000000000000e+00 0.000000000000e+00 
3.726803338227e-01 4.829700156189e-01 4.947967127383e-01 -6.188905766436e-01 0.000000000000e+00 0.000000000000e+00 0.000000000000e+00 
3.663719756571e-01 4.777991848262e-01 4.887891951425e-01 -6.313197582402e-01 0.000000000000e+00 0.000000000000e+00 0.000000000000e+00 
3.599858264515e-01 4.725316924374e-01 4.826656932406e-01 -6.435509559971e-01 0.000000000000e+00 -1.836709923160e-40 -7.346839692639e-40 
3.535245240771e-01 4.671697662117e-01 4.764287845245e-01 -6.555825147838e-01 0.000000000000e+00 1.836709923160e-40 7.346839692639e-40 
3.469909438299e-01 4.617154333268e-01 4.700810035073e-01 -6.674129109250e-01 0.000000000000e+00 0.000000000000e+00 0.000000000000e+00 
3.403877527700e-01 4.561708669662e-01 4.636249095721e-01 -6.790406917996e-01 0.000000000000e+00 0.000000000000e+00 0.000000000000e+00 
3.337175153713e-01 4.505382981465e-01 4.570630822073e-01 -6.904644818677e-01 9.183549615799e-41 1.836709923160e-40 0.000000000000e+00 
3.269830391952e-01 4.448197799713e-01 4.503980788582e-01 -7.016829953660e-01 -9.183549615799e-41 1.836709923160e-40 0.000000000000e+00 
3.201869396195e-01 4.390174817603e-01 4.436324603681e-01 -7.126950361225e-01 9.183549615799e-41 0.000000000000e+00 0.000000000000e+00 
3.133317856445e-01 4.331335955063e-01 4.367687913121e-01 -7.234994840941e-01 0.000000000000e+00 0.000000000000e+00 -7.346839692639e-40 
3.064203039461e-01 4.271701601544e-01 4.298096699573e-01 -7.340952930066e-01 0.000000000000e+00 0.000000000000e+00 -7.346839692639e-40 
2.994550781843e-01 4.211293690496e-01 4.227576849839e-01 -7.444814641484e-01 -9.183549615799e-41 0.000000000000e+00 7.346839692639e-40 
2.924386480768e-01 4.150134193415e-01 4.156154320130e-01 -7.546570820911e-01 0.000000000000e+00 0.000000000000e+00 0.000000000000e+00 
2.853736788201e-01 4.088243131890e-01 4.083855042221e-01 -7.646213601015e-01 0.000000000000e+00 0.000000000000e+00 0.000000000000e+00 
2.782626769597e-01 4.025642159372e-01 4.010704594704e-01 -7.743735669548e-01 0.000000000000e+00 1.836709923160e-40 0.000000000000e+00 
2.711081082444e-01 3.962353155710e-01 3.936728641140e-01 -7.839130336962e-01 0.000000000000e+00 1.836709923160e-40 0.000000000000e+00 
2.639124917443e-01 3.898396369692e-01 3.861953276324e-01 -7.932391966261e-01 0.000000000000e+00 0.000000000000e+00 0.000000000000e+00 
2.566782771243e-01 3.833793569264e-01 3.786404210280e-01 -8.023515204067e-01 0.000000000000e+00 1.836709923160e-40 0.000000000000e+00 
2.494079344314e-01 3.768566570211e-01 3.710107015373e-01 -8.112495310608e-01 0.000000000000e+00 0.000000000000e+00 0.000000000000e+00 
2.421039705574e-01 3.702734923372e-01 3.633087570035e-01 -8.199328968869e-01 0.000000000000e+00 -1.836709923160e-40 -7.346839692639e-40 
2.347687557753e-01 3.636319917528e-01 3.555371310040e-01 -8.284013244576e-01 0.000000000000e+00 1.836709923160e-40 -7.346839692639e-40 
2.274046571312e-01 3.569342765571e-01 3.476983456495e-01 -8.366545909551e-01 0.000000000000e+00 -1.836709923160e-40 0.000000000000e+00 
2.200140623321e-01 3.501823511320e-01 3.397949984463e-01 -8.446925430964e-01 0.000000000000e+00 1.836709923160e-40 0.000000000000e+00 
2.125992753164e-01 3.433783405678e-01 3.318296314676e-01 -8.525150784848e-01 0.000000000000e+00 1.836709923160e-40 0.000000000000e+00 
2.051625353247e-01 3.365243640598e-01 3.238047385202e-01 -8.601221877182e-01 0.000000000000e+00 1.836709923160e-40 0.000000000000e+00 
1.977061960480e-01 3.296223419386e-01 3.157229064527e-01 -8.675139296174e-01 0.000000000000e+00 0.000000000000e+00 0.000000000000e+00 
1.902324878757e-01 3.226743591380e-01 3.075866384697e-01 -8.746904128584e-01 0.000000000000e+00 1.836709923160e-40 0.000000000000e+00 
1.827435550229e-01 3.156825282049e-01 2.993983938504e-01 -8.816518225714e-01 0.000000000000e+00 -1.836709923160e-40 7.346839692639e-40 
1.752416388829e-01 3.086487067000e-01 2.911606999783e-01 -8.883984413776e-01 0.000000000000e+00 -1.836709923160e-40 0.000000000000e+00 
1.677288851837e-01 3.015749344203e-01 2.828760063087e-01 -8.949305811398e-01 0.000000000000e+00 0.000000000000e+00 0.000000000000e+00 
1.602074344509e-01 2.944633008865e-01 2.745467364591e-01 -9.012485960474e-01 0.000000000000e+00 0.000000000000e+00 0.000000000000e+00 
1.526793692421e-01 2.873156839682e-01 2.661753625838e-01 -9.073529546473e-01 0.000000000000e+00 0.000000000000e+00 7.346839692639e-40 
1.451467263882e-01 2.801340632995e-01 2.577642849585e-01 -9.132441665830e-01 0.000000000000e+00 0.000000000000e+00 -7.346839692639e-40 
1.376114916562e-01 2.729204546180e-01 2.493158576398e-01 -9.189227965094e-01 0.000000000000e+00 0.000000000000e+00 0.000000000000e+00 
1.300756913933e-01 2.656767490107e-01 2.408325056350e-01 -9.243894654166e-01 0.000000000000e+00 0.000000000000e+00 0.000000000000e+00 
1.225412721506e-01 2.584048747542e-01 2.323165437015e-01 -9.296448681328e-01 0.000000000000e+00 0.000000000000e+00 0.000000000000e+00 
1.150101462354e-01 2.511067951210e-01 2.237703004340e-01 -9.346897326657e-01 0.000000000000e+00 0.000000000000e+00 0.000000000000e+00 
1.074842418977e-01 2.437842942554e-01 2.151961558458e-01 -9.395248640282e-01 0.000000000000e+00 0.000000000000e+00 0.000000000000e+00 
9.996543876474e-02 2.364392455819e-01 2.065963585205e-01 -9.441511207679e-01 0.000000000000e+00 0.000000000000e+00 0.000000000000e+00 
9.245556102840e-02 2.290735598339e-01 1.979731496941e-01 -9.485693993695e-01 0.000000000000e+00 0.000000000000e+00 0.000000000000e+00 
8.495634018880e-02 2.216889769897e-01 1.893288207561e-01 -9.527806753782e-01 0.000000000000e+00 0.000000000000e+00 0.000000000000e+00 
7.746952930914e-02 2.142873594875e-01 1.806655665271e-01 -9.567859492404e-01 0.000000000000e+00 0.000000000000e+00 0.000000000000e+00 
6.999683372750e-02 2.068705297017e-01 1.719855616460e-01 -9.605862760806e-01 0.000000000000e+00 0.000000000000e+00 0.000000000000e+00 
6.253994144955e-02 1.994401501666e-01 1.632910255553e-01 -9.641827747881e-01 9.183549615799e-41 0.000000000000e+00 0.000000000000e+00 
5.510047121942e-02 1.919980190171e-01 1.545840708538e-01 -9.675765932489e-01 9.183549615799e-41 0.000000000000e+00 0.000000000000e+00 
4.768002067780e-02 1.845459058790e-01 1.458667717320e-01 -9.707689267565e-01 -9.183549615799e-41 0.000000000000e+00 0.000000000000e+00 
4.028015368194e-02 1.770854507712e-01 1.371412586348e-01 -9.737610217731e-01 0.000000000000e+00 0.000000000000e+00 0.000000000000e+00 
3.290241972791e-02 1.696183839637e-01 1.284095720234e-01 -9.765541543664e-01 0.000000000000e+00 0.000000000000e+00 0.000000000000e+00 
2.554839521675e-02 1.621463848347e-01 1.196737618938e-01 -9.791496413220e-01 0.000000000000e+00 0.000000000000e+00 3.673419846320e-40 
1.821946630353e-02 1.546710172941e-01 1.109358241417e-01 -9.815488629604e-01 9.183549615799e-41 0.000000000000e+00 0.000000000000e+00 
1.091708250995e-02 1.471939303240e-01 1.021976816426e-01 -9.837532200975e-01 0.000000000000e+00 0.000000000000e+00 0.000000000000e+00 
3.642688029398e-03 1.397167406716e-01 9.346124688978e-02 -9.857641495458e-01 0.000000000000e+00 0.000000000000e+00 0.000000000000e+00 
-3.602415746940e-03 1.322408887150e-01 8.472845719149e-02 -9.875831400417e-01 0.000000000000e+00 0.000000000000e+00 0.000000000000e+00 
-1.081691459476e-02 1.247679461116e-01 7.600117399505e-02 -9.892116939933e-01 0.000000000000e+00 0.000000000000e+00 0.000000000000e+00 
-1.799949442159e-02 1.172995281331e-01 6.728117777709e-02 -9.906513423083e-01 0.000000000000e+00 0.000000000000e+00 0.000000000000e+00 
-2.514893156125e-02 1.098370083130e-01 5.857037170750e-02 -9.919036618564e-01 0.000000000000e+00 0.000000000000e+00 0.000000000000e+00 
-3.226399897982e-02 1.023818695468e-01 4.987050839520e-02 -9.929702510903e-01 0.000000000000e+00 0.000000000000e+00 0.000000000000e+00 
-3.934348503445e-02 9.493560854420e-02 4.118332808026e-02 -9.938527325031e-01 0.000000000000e+00 0.000000000000e+00 0.000000000000e+00 
-4.638628862224e-02 8.749958585496e-02 3.251059064239e-02 -9.945527618981e-01 0.000000000000e+00 0.000000000000e+00 0.000000000000e+00 
-5.339127267593e-02 8.007519747201e-02 2.385395275417e-02 -9.950720193483e-01 0.000000000000e+00 0.000000000000e+00 0.000000000000e+00 
-6.035729142350e-02 7.266380931243e-02 1.521501424157e-02 -9.954122118649e-01 4.591774807900e-41 0.000000000000e+00 0.000000000000e+00 
-6.728331405258e-02 6.526673301218e-02 6.595443541142e-03 -9.955750646418e-01 0.000000000000e+00 0.000000000000e+00 0.000000000000e+00 
-7.416828784801e-02 5.788532022099e-02 -2.003197540261e-03 -9.955623245082e-01 0.000000000000e+00 0.000000000000e+00 0.000000000000e+00 
-8.101120853373e-02 5.052091434178e-02 -1.057938088280e-02 -9.953757571923e-01 0.000000000000e+00 0.000000000000e+00 0.000000000000e+00 
-8.781108308500e-02 4.317472738580e-02 -1.913154639281e-02 -9.950171558999e-01 0.000000000000e+00 0.000000000000e+00 0.000000000000e+00 
-9.456694576861e-02 3.584803921100e-02 -2.765821490695e-02 -9.944883277349e-01 0.000000000000e+00 0.000000000000e+00 0.000000000000e+00 
-1.012778488337e-01 2.854208479305e-02 -3.615792761804e-02 -9.937911002830e-01 0.000000000000e+00 0.000000000000e+00 0.000000000000e+00 
-1.079429211877e-01 2.125806151896e-02 -4.462922572620e-02 -9.929273149617e-01 0.000000000000e+00 0.000000000000e+00 0.000000000000e+00 
-1.145612163005e-01 1.399722149552e-02 -5.307073963381e-02 -9.918988366285e-01 0.000000000000e+00 0.000000000000e+00 0.000000000000e+00 
-1.211318244620e-01 6.760783840815e-03 -6.148112245901e-02 -9.907075474052e-01 0.000000000000e+00 0.000000000000e+00 0.000000000000e+00 
-1.276539837284e-01 -4.501559854285e-04 -6.985900598140e-02 -9.893553340843e-01 0.000000000000e+00 0.000000000000e+00 0.000000000000e+00 
-1.341268445568e-01 -7.634436412006e-03 -7.820311192938e-02 -9.878441062407e-01 0.000000000000e+00 0.000000000000e+00 -3.673419846320e-40 
-1.405495618913e-01 -1.479089019628e-02 -8.651219719628e-02 -9.861757905950e-01 0.000000000000e+00 0.000000000000e+00 0.000000000000e+00 
-1.469214143340e-01 -2.191842087086e-02 -9.478495387155e-02 -9.843523217610e-01 0.000000000000e+00 0.000000000000e+00 -3.673419846320e-40 
-1.532416380843e-01 -2.901592569001e-02 -1.030201682434e-01 -9.823756518505e-01 0.000000000000e+00 0.000000000000e+00 0.000000000000e+00 
-1.595094786002e-01 -3.608234549162e-02 -1.112167056839e-01 -9.802477416232e-01 0.000000000000e+00 0.000000000000e+00 0.000000000000e+00 
-1.657242766468e-01 -4.311666904695e-02 -1.193733690949e-01 -9.779705597466e-01 0.000000000000e+00 0.000000000000e+00 0.000000000000e+00 
-1.718853523035e-01 -5.011782335289e-02 -1.274890630997e-01 -9.755460871921e-01 0.000000000000e+00 0.000000000000e+00 0.000000000000e+00 
-1.779920458896e-01 -5.708479212414e-02 -1.355627417202e-01 -9.729763106908e-01 0.000000000000e+00 0.000000000000e+00 0.000000000000e+00 
-1.840437107680e-01 -6.401664538183e-02 -1.435932862265e-01 -9.702632373699e-01 -9.183549615799e-41 0.000000000000e+00 0.000000000000e+00 
-1.900397077706e-01 -7.091241760123e-02 -1.515796774802e-01 -9.674088793656e-01 9.183549615799e-41 0.000000000000e+00 0.000000000000e+00 
-1.959794490165e-01 -7.777113914394e-02 -1.595209173424e-01 -9.644152541357e-01 0.000000000000e+00 0.000000000000e+00 0.000000000000e+00 
-2.018624481740e-01 -8.459193868618e-02 -1.674160176916e-01 -9.612843663281e-01 -9.183549615799e-41 0.000000000000e+00 0.000000000000e+00 
-2.076881602945e-01 -9.137391187400e-02 -1.752640530418e-01 -9.580182399170e-01 0.000000000000e+00 0.000000000000e+00 0.000000000000e+00 
-2.134560537130e-01 -9.811616593924e-02 -1.830641301076e-01 -9.546189058376e-01 0.000000000000e+00 0.000000000000e+00 0.000000000000e+00 
-2.191656768933e-01 -1.048178545933e-01 -1.908154117039e-01 -9.510883776425e-01 0.000000000000e+00 -1.836709923160e-40 0.000000000000e+00 
-2.248165625488e-01 -1.114781397644e-01 -1.985170627992e-01 -9.474286850924e-01 0.000000000000e+00 -1.836709923160e-40 0.000000000000e+00 
-2.304082229828e-01 -1.180962356324e-01 -2.061682211791e-01 -9.436418783030e-01 0.000000000000e+00 -1.836709923160e-40 0.000000000000e+00 
-2.359403015324e-01 -1.246713671548e-01 -2.137680928518e-01 -9.397299754733e-01 0.000000000000e+00 -1.836709923160e-40 0.000000000000e+00 
-2.414123831090e-01 -1.312027455358e-01 -2.213159313093e-01 -9.356950140907e-01 0.000000000000e+00 0.000000000000e+00 0.000000000000e+00 
-2.468240305658e-01 -1.376896088891e-01 -2.288109680100e-01 -9.315390547140e-01 0.000000000000e+00 0.000000000000e+00 0.000000000000e+00 
-2.521749270733e-01 -1.441312305460e-01 -2.362524888372e-01 -9.272641242144e-01 0.000000000000e+00 0.000000000000e+00 0.000000000000e+00 
-2.574647481854e-01 -1.505269240515e-01 -2.436398403045e-01 -9.228722429426e-01 0.000000000000e+00 0.000000000000e+00 0.000000000000e+00 
-2.626931323538e-01 -1.568760088362e-01 -2.509724076825e-01 -9.183654428646e-01 0.000000000000e+00 0.000000000000e+00 0.000000000000e+00 
-2.678598138902e-01 -1.631778637300e-01 -2.582495280774e-01 -9.137457447994e-01 0.000000000000e+00 0.000000000000e+00 0.000000000000e+00 
-2.729644845475e-01 -1.694318660134e-01 -2.654706068420e-01 -9.090151758127e-01 0.000000000000e+00 0.000000000000e+00 0.000000000000e+00 
-2.780068721420e-01 -1.756373746471e-01 -2.726350930013e-01 -9.041757559972e-01 0.000000000000e+00 0.000000000000e+00 0.000000000000e+00 
-2.829867596663e-01 -1.817937994871e-01 -2.797424333264e-01 -8.992294920198e-01 0.000000000000e+00 -1.836709923160e-40 0.000000000000e+00 
-2.879039104719e-01 -1.879005486110e-01 -2.867921521883e-01 -8.941783846693e-01 0.000000000000e+00 0.000000000000e+00 0.000000000000e+00 
-2.927581034795e-01 -1.939570920011e-01 -2.937837640404e-01 -8.890244312142e-01 0.000000000000e+00 0.000000000000e+00 0.000000000000e+00 
-2.975492183483e-01 -1.999628957617e-01 -3.007167458647e-01 -8.837696202832e-01 0.000000000000e+00 0.000000000000e+00 0.000000000000e+00 
-3.022770842877e-01 -2.059174545343e-01 -3.075906521303e-01 -8.784159361912e-01 0.000000000000e+00 0.000000000000e+00 0.000000000000e+00 
-3.069415274060e-01 -2.118203150646e-01 -3.144051082919e-01 -8.729653376621e-01 1.836709923160e-40 0.000000000000e+00 0.000000000000e+00 
-3.115424447123e-01 -2.176710170625e-01 -3.211597183810e-01 -8.674197765575e-01 0.000000000000e+00 1.836709923160e-40 0.000000000000e+00 
-3.160797125439e-01 -2.234691232737e-01 -3.278541191248e-01 -8.617812035745e-01 0.000000000000e+00 1.836709923160e-40 0.000000000000e+00 
-3.205532282796e-01 -2.292142051697e-01 -3.344879644920e-01 -8.560515624645e-01 0.000000000000e+00 0.000000000000e+00 0.000000000000e+00 
-3.249629579196e-01 -2.349058748293e-01 -3.410609270648e-01 -8.502327622366e-01 1.836709923160e-40 0.000000000000e+00 7.346839692639e-40 
-3.293088069921e-01 -2.405437094080e-01 -3.475727123103e-01 -8.443267395736e-01 0.000000000000e+00 0.000000000000e+00 0.000000000000e+00 
-3.335906637384e-01 -2.461273476583e-01 -3.540230036729e-01 -8.383354404245e-01 0.000000000000e+00 1.836709923160e-40 0.000000000000e+00 
-3.378085651689e-01 -2.516565138134e-01 -3.604115829607e-01 -8.322606942668e-01 0.000000000000e+00 0.000000000000e+00 0.000000000000e+00 
-3.419625014231e-01 -2.571309124225e-01 -3.667382028548e-01 -8.261043711687e-01 0.000000000000e+00 0.000000000000e+00 0.000000000000e+00 
-3.460524333703e-01 -2.625502004911e-01 -3.730025952080e-01 -8.198683855038e-01 0.000000000000e+00 0.000000000000e+00 7.346839692639e-40 
-3.500784182754e-01 -2.679141004912e-01 -3.792045938943e-01 -8.135545536627e-01 0.000000000000e+00 0.000000000000e+00 0.000000000000e+00 
-3.540404807675e-01 -2.732223496823e-01 -3.853440173958e-01 -8.071647129733e-01 0.000000000000e+00 0.000000000000e+00 0.000000000000e+00 
-3.579386086600e-01 -2.784746711721e-01 -3.914206953891e-01 -8.007007238458e-01 0.000000000000e+00 1.836709923160e-40 7.346839692639e-40 
-3.617729529716e-01 -2.836708725035e-01 -3.974345402758e-01 -7.941643109502e-01 0.000000000000e+00 -1.836709923160e-40 0.000000000000e+00 
-3.655435992697e-01 -2.888107693071e-01 -4.033854288523e-01 -7.875572438590e-01 0.000000000000e+00 0.000000000000e+00 0.000000000000e+00 
-3.692506092449e-01 -2.938941855765e-01 -4.092732407244e-01 -7.808813031976e-01 0.000000000000e+00 0.000000000000e+00 0.000000000000e+00 
-3.728940796872e-01 -2.989209377143e-01 -4.150978448731e-01 -7.741382676964e-01 0.000000000000e+00 1.836709923160e-40 0.000000000000e+00 
-3.764741178270e-01 -3.038908522729e-01 -4.208591613068e-01 -7.673298865907e-01 1.836709923160e-40 0.000000000000e+00 0.000000000000e+00 
-3.799908284638e-01 -3.088037616238e-01 -4.265571284556e-01 -7.604579036699e-01 0.000000000000e+00 0.000000000000e+00 0.000000000000e+00 
-3.834443683288e-01 -3.136595810212e-01 -4.321917445297e-01 -7.535239741315e-01 0.000000000000e+00 1.836709923160e-40 0.000000000000e+00 
-3.868348880089e-01 -3.184582107189e-01 -4.377629741989e-01 -7.465297823030e-01 0.000000000000e+00 0.000000000000e+00 0.000000000000e+00 
-3.901625505374e-01 -3.231995370102e-01 -4.432707852002e-01 -7.394770141273e-01 0.000000000000e+00 0.000000000000e+00 0.000000000000e+00 
-3.934275571790e-01 -3.278835262628e-01 -4.487151866928e-01 -7.323672792315e-01 1.836709923160e-40 0.000000000000e+00 7.346839692639e-40 
-3.966300658073e-01 -3.325101322440e-01 -4.540961936392e-01 -7.252022130242e-01 0.000000000000e+00 0.000000000000e+00 0.000000000000e+00 
-3.997702217260e-01 -3.370792913425e-01 -4.594138225777e-01 -7.179834683290e-01 0.000000000000e+00 1.836709923160e-40 0.000000000000e+00 
-4.028482642722e-01 -3.415909759351e-01 -4.646681180621e-01 -7.107126150486e-01 -1.836709923160e-40 0.000000000000e+00 0.000000000000e+00 
-4.058644031608e-01 -3.460451572201e-01 -4.698591534222e-01 -7.033912221210e-01 0.000000000000e+00 0.000000000000e+00 7.346839692639e-40 
-4.088188359965e-01 -3.504418343777e-01 -4.749870012885e-01 -6.960208536096e-01 0.000000000000e+00 -1.836709923160e-40 0.000000000000e+00 
-4.117118242442e-01 -3.547810414243e-01 -4.800517042801e-01 -6.886030406854e-01 0.000000000000e+00 0.000000000000e+00 0.000000000000e+00 
-4.145435911363e-01 -3.590628114264e-01 -4.850533537215e-01 -6.811393047989e-01 0.000000000000e+00 1.836709923160e-40 0.000000000000e+00 
-4.173143348762e-01 -3.632871714725e-01 -4.899920495479e-01 -6.736311812336e-01 1.836709923160e-40 0.000000000000e+00 0.000000000000e+00 
-4.200243533201e-01 -3.674541921296e-01 -4.948679222157e-01 -6.660800994373e-01 0.000000000000e+00 0.000000000000e+00 0.000000000000e+00 
-4.226739150764e-01 -3.715639383605e-01 -4.996810677363e-01 -6.584875334962e-01 -1.836709923160e-40 0.000000000000e+00 -7.346839692639e-40 
-4.252632582363e-01 -3.756164615523e-01 -5.044316143760e-01 -6.508549618949e-01 0.000000000000e+00 0.000000000000e+00 0.000000000000e+00 
-4.277926414654e-01 -3.796118402863e-01 -5.091197287518e-01 -6.431838060914e-01 0.000000000000e+00 1.836709923160e-40 0.000000000000e+00 
-4.302623623416e-01 -3.835501863419e-01 -5.137455604276e-01 -6.354754544829e-01 0.000000000000e+00 -1.836709923160e-40 0.000000000000e+00 
-4.326727085603e-01 -3.874316157197e-01 -5.183092903733e-01 -6.277312720588e-01 0.000000000000e+00 0.000000000000e+00 7.346839692639e-40 
-4.350239579064e-01 -3.912562179255e-01 -5.228110955494e-01 -6.199526484761e-01 0.000000000000e+00 0.000000000000e+00 7.346839692639e-40 
-4.373163906681e-01 -3.950241098930e-01 -5.272511521323e-01 -6.121409556887e-01 0.000000000000e+00 0.000000000000e+00 0.000000000000e+00 
-4.395503231973e-01 -3.987354519539e-01 -5.316296310608e-01 -6.042975162207e-01 1.836709923160e-40 0.000000000000e+00 0.000000000000e+00 
-4.417261222455e-01 -4.023904063296e-01 -5.359467185266e-01 -5.964235983933e-01 0.000000000000e+00 0.000000000000e+00 0.000000000000e+00 
-4.438441104244e-01 -4.059891278072e-01 -5.402026266489e-01 -5.885204804470e-01 -1.836709923160e-40 0.000000000000e+00 0.000000000000e+00 
-4.459045417323e-01 -4.095317629091e-01 -5.443976003766e-01 -5.805894655738e-01 0.000000000000e+00 0.000000000000e+00 0.000000000000e+00 
-4.479077835054e-01 -4.130185214725e-01 -5.485317771976e-01 -5.726318256964e-01 0.000000000000e+00 0.000000000000e+00 0.000000000000e+00 
-4.498541585676e-01 -4.164495686566e-01 -5.526053803586e-01 -5.646488168622e-01 1.836709923160e-40 0.000000000000e+00 0.000000000000e+00 
-4.517439466599e-01 -4.198250752964e-01 -5.566186725593e-01 -5.566416856173e-01 0.000000000000e+00 -1.836709923160e-40 0.000000000000e+00 
-4.535775170669e-01 -4.231452373631e-01 -5.605718697667e-01 -5.486116321539e-01 0.000000000000e+00 0.000000000000e+00 0.000000000000e+00 
-4.553551803410e-01 -4.264102611193e-01 -5.644652306664e-01 -5.405598508190e-01 1.836709923160e-40 0.000000000000e+00 0.000000000000e+00 
-4.570772886781e-01 -4.296203571319e-01 -5.682989947287e-01 -5.324875148798e-01 0.000000000000e+00 0.000000000000e+00 0.000000000000e+00 
-4.587442106347e-01 -4.327757110615e-01 -5.720734182110e-01 -5.243957830692e-01 0.000000000000e+00 0.000000000000e+00 0.000000000000e+00 
-4.603562795087e-01 -4.358765523569e-01 -5.757887588122e-01 -5.162858048096e-01 0.000000000000e+00 -1.836709923160e-40 0.000000000000e+00 
-4.619138254343e-01 -4.389230980794e-01 -5.794452481704e-01 -5.081587706788e-01 -1.836709923160e-40 0.000000000000e+00 0.000000000000e+00 
-4.634172149072e-01 -4.419155846562e-01 -5.830431812754e-01 -5.000157494858e-01 -1.836709923160e-40 0.000000000000e+00 0.000000000000e+00 
-4.648667878142e-01 -4.448542441650e-01 -5.865828411184e-01 -4.918578468838e-01 0.000000000000e+00 0.000000000000e+00 0.000000000000e+00 
-4.662628815411e-01 -4.477393372486e-01 -5.900645120459e-01 -4.836861407992e-01 0.000000000000e+00 0.000000000000e+00 0.000000000000e+00 
-4.676059100313e-01 -4.505711285819e-01 -5.934884480344e-01 -4.755016646048e-01 0.000000000000e+00 0.000000000000e+00 0.000000000000e+00 
-4.688962230658e-01 -4.533498674838e-01 -5.968549326323e-01 -4.673054879192e-01 0.000000000000e+00 0.000000000000e+00 0.000000000000e+00 
-4.701341468884e-01 -4.560757834187e-01 -6.001642790850e-01 -4.590986841833e-01 0.000000000000e+00 0.000000000000e+00 0.000000000000e+00 
-4.713201140959e-01 -4.587491811724e-01 -6.034167348209e-01 -4.508822273725e-01 0.000000000000e+00 0.000000000000e+00 0.000000000000e+00 
-4.724544971090e-01 -4.613703274725e-01 -6.066126027854e-01 -4.426571124824e-01 0.000000000000e+00 0.000000000000e+00 0.000000000000e+00 
-4.735376334595e-01 -4.639394565133e-01 -6.097522276601e-01 -4.344243446808e-01 1.836709923160e-40 0.000000000000e+00 0.000000000000e+00 
-4.745698401898e-01 -4.664567966759e-01 -6.128359931555e-01 -4.261849001433e-01 0.000000000000e+00 -1.836709923160e-40 0.000000000000e+00 
-4.755514923299e-01 -4.689225995725e-01 -6.158642217329e-01 -4.179397494165e-01 0.000000000000e+00 0.000000000000e+00 0.000000000000e+00 
-4.764829753815e-01 -4.713371386968e-01 -6.188371992646e-01 -4.096898786436e-01 0.000000000000e+00 -1.836709923160e-40 0.000000000000e+00 
-4.773645967618e-01 -4.737006627296e-01 -6.217553254155e-01 -4.014362205948e-01 0.000000000000e+00 0.000000000000e+00 0.000000000000e+00 
-4.781967160059e-01 -4.760134141981e-01 -6.246189502884e-01 -3.931797263916e-01 1.836709923160e-40 0.000000000000e+00 0.000000000000e+00 
-4.789797114803e-01 -4.782756600238e-01 -6.274284069656e-01 -3.849213207289e-01 0.000000000000e+00 0.000000000000e+00 0.000000000000e+00 
-4.797139217723e-01 -4.804876909469e-01 -6.301840696106e-01 -3.766618782348e-01 0.000000000000e+00 -1.836709923160e-40 0.000000000000e+00 
-4.803997238666e-01 -4.826497775580e-01 -6.328862799999e-01 -3.684022992871e-01 0.000000000000e+00 1.836709923160e-40 0.000000000000e+00 
-4.810374785890e-01 -4.847621981239e-01 -6.355354147026e-01 -3.601434327064e-01 -1.836709923160e-40 -1.836709923160e-40 0.000000000000e+00 
-4.816275613256e-01 -4.868252412011e-01 -6.381318397548e-01 -3.518861062790e-01 0.000000000000e+00 -1.836709923160e-40 0.000000000000e+00 
-4.821703499363e-01 -4.888392119430e-01 -6.406759034271e-01 -3.436311471289e-01 1.836709923160e-40 0.000000000000e+00 0.000000000000e+00 
-4.826662188036e-01 -4.908044038400e-01 -6.431679660522e-01 -3.353793759930e-01 0.000000000000e+00 -1.836709923160e-40 0.000000000000e+00 
-4.831155493432e-01 -4.927211111294e-01 -6.456084149571e-01 -3.271315441331e-01 0.000000000000e+00 0.000000000000e+00 0.000000000000e+00 
-4.835187160667e-01 -4.945896225022e-01 -6.479976222888e-01 -3.188884413622e-01 0.000000000000e+00 0.000000000000e+00 0.000000000000e+00 
-4.838760447131e-01 -4.964102378112e-01 -6.503359787003e-01 -3.106508714892e-01 0.000000000000e+00 1.836709923160e-40 0.000000000000e+00 
-4.841879101572e-01 -4.981832617598e-01 -6.526238637121e-01 -3.024195725700e-01 0.000000000000e+00 1.836709923160e-40 0.000000000000e+00 
-4.844546773510e-01 -4.999090062521e-01 -6.548616553647e-01 -2.941952810528e-01 0.000000000000e+00 0.000000000000e+00 0.000000000000e+00 
-4.846767193109e-01 -5.015877712814e-01 -6.570497362695e-01 -2.859787221582e-01 0.000000000000e+00 0.000000000000e+00 0.000000000000e+00 
-4.848544252237e-01 -5.032198549065e-01 -6.591884752344e-01 -2.777706213533e-01 0.000000000000e+00 1.836709923160e-40 0.000000000000e+00 
-4.849881811632e-01 -5.048055741823e-01 -6.612782286138e-01 -2.695716987517e-01 0.000000000000e+00 0.000000000000e+00 0.000000000000e+00 
-4.850783721809e-01 -5.063452680650e-01 -6.633193425594e-01 -2.613826546218e-01 0.000000000000e+00 0.000000000000e+00 0.000000000000e+00 
-4.851253634256e-01 -5.078392395414e-01 -6.653122269486e-01 -2.532041255901e-01 0.000000000000e+00 1.836709923160e-40 0.000000000000e+00 
-4.851295198879e-01 -5.092878142059e-01 -6.672572642888e-01 -2.450367615045e-01 0.000000000000e+00 0.000000000000e+00 7.346839692639e-40 
-4.850911979982e-01 -5.106913277842e-01 -6.691548277177e-01 -2.368812231747e-01 0.000000000000e+00 -1.836709923160e-40 0.000000000000e+00 
-4.850108195064e-01 -5.120500763068e-01 -6.710052780297e-01 -2.287381497961e-01 0.000000000000e+00 0.000000000000e+00 0.000000000000e+00 
-4.848887680976e-01 -5.133643769254e-01 -6.728089852598e-01 -2.206081785213e-01 0.000000000000e+00 -1.836709923160e-40 0.000000000000e+00 
-4.847253971748e-01 -5.146345435250e-01 -6.745663514380e-01 -2.124919138511e-01 0.000000000000e+00 1.836709923160e-40 0.000000000000e+00 
-4.845210604591e-01 -5.158609264338e-01 -6.762777603464e-01 -2.043899151408e-01 0.000000000000e+00 1.836709923160e-40 0.000000000000e+00 
-4.842761324344e-01 -5.170438552396e-01 -6.779435847609e-01 -1.963027641039e-01 0.000000000000e+00 0.000000000000e+00 0.000000000000e+00 
-4.839910120141e-01 -5.181836293543e-01 -6.795642017187e-01 -1.882310343732e-01 0.000000000000e+00 0.000000000000e+00 0.000000000000e+00 
-4.836660324961e-01 -5.192805878069e-01 -6.811400074948e-01 -1.801752766789e-01 0.000000000000e+00 1.836709923160e-40 0.000000000000e+00 
-4.833015614879e-01 -5.203350584321e-01 -6.826713756616e-01 -1.721360522439e-01 0.000000000000e+00 0.000000000000e+00 0.000000000000e+00 
-4.828979936734e-01 -5.213473665736e-01 -6.841586565375e-01 -1.641139352942e-01 0.000000000000e+00 0.000000000000e+00 0.000000000000e+00 
-4.824556659518e-01 -5.223178436669e-01 -6.856022533818e-01 -1.561094191136e-01 0.000000000000e+00 1.836709923160e-40 0.000000000000e+00 
-4.819749223181e-01 -5.232468112200e-01 -6.870025529375e-01 -1.481230605338e-01 0.000000000000e+00 0.000000000000e+00 0.000000000000e+00 
-4.814561462819e-01 -5.241346037909e-01 -6.883599150840e-01 -1.401553553094e-01 0.000000000000e+00 1.836709923160e-40 0.000000000000e+00 
-4.808996848694e-01 -5.249815672935e-01 -6.896747214030e-01 -1.322067538073e-01 0.000000000000e+00 0.000000000000e+00 7.346839692639e-40 
-4.803059041807e-01 -5.257880410207e-01 -6.909473327378e-01 -1.242777442310e-01 0.000000000000e+00 0.000000000000e+00 0.000000000000e+00 
-4.796751570708e-01 -5.265543544199e-01 -6.921781308204e-01 -1.163687704867e-01 0.000000000000e+00 0.000000000000e+00 0.000000000000e+00 
-4.790078247966e-01 -5.272808400585e-01 -6.933674686888e-01 -1.084802878635e-01 0.000000000000e+00 1.836709923160e-40 0.000000000000e+00 
-4.783042652166e-01 -5.279678269612e-01 -6.945157137518e-01 -1.006127572493e-01 0.000000000000e+00 -1.836709923160e-40 0.000000000000e+00 
-4.775648581901e-01 -5.286156492057e-01 -6.956232193732e-01 -9.276657968024e-02 0.000000000000e+00 0.000000000000e+00 7.346839692639e-40 
-4.767899533399e-01 -5.292246150383e-01 -6.966903731063e-01 -8.494216416290e-02 0.000000000000e+00 0.000000000000e+00 0.000000000000e+00 
-4.759798991096e-01 -5.297950426752e-01 -6.977175441364e-01 -7.713998317805e-02 0.000000000000e+00 1.836709923160e-40 0.000000000000e+00 
-4.751350502137e-01 -5.303272784376e-01 -6.987050805399e-01 -6.936045149116e-02 0.000000000000e+00 0.000000000000e+00 -7.346839692639e-40 
-4.742557524391e-01 -5.308216563826e-01 -6.996533450135e-01 -6.160395446066e-02 0.000000000000e+00 0.000000000000e+00 0.000000000000e+00 
-4.733423482449e-01 -5.312785167073e-01 -7.005626959418e-01 -5.387084645703e-02 0.000000000000e+00 0.000000000000e+00 0.000000000000e+00 
-4.723951871435e-01 -5.316981799105e-01 -7.014334934763e-01 -4.616153023032e-02 0.000000000000e+00 -1.836709923160e-40 0.000000000000e+00 
-4.714146002869e-01 -5.320809685887e-01 -7.022661050936e-01 -3.847642315345e-02 0.000000000000e+00 0.000000000000e+00 0.000000000000e+00 
-4.704009125465e-01 -5.324272180689e-01 -7.030608929836e-01 -3.081589998604e-02 0.000000000000e+00 0.000000000000e+00 0.000000000000e+00 
-4.693544517242e-01 -5.327372646657e-01 -7.038182147308e-01 -2.318029543225e-02 0.000000000000e+00 -1.836709923160e-40 0.000000000000e+00 
-4.682755892898e-01 -5.330114115413e-01 -7.045384194459e-01 -1.556994433927e-02 0.000000000000e+00 0.000000000000e+00 0.000000000000e+00 
-4.671646916220e-01 -5.332499735805e-01 -7.052218470185e-01 -7.985177891827e-03 0.000000000000e+00 -1.836709923160e-40 -7.346839692639e-40 
-4.660220964729e-01 -5.334532914906e-01 -7.058688331698e-01 -4.263289434743e-04 0.000000000000e+00 0.000000000000e+00 0.000000000000e+00 
-4.648481404934e-01 -5.336216789841e-01 -7.064797313015e-01 7.106283010930e-03 0.000000000000e+00 0.000000000000e+00 0.000000000000e+00 
-4.636431685934e-01 -5.337554584754e-01 -7.070548796879e-01 1.461231925372e-02 0.000000000000e+00 0.000000000000e+00 0.000000000000e+00 
-4.624075075646e-01 -5.338549606990e-01 -7.075946200196e-01 2.209143735227e-02 0.000000000000e+00 0.000000000000e+00 0.000000000000e+00 
-4.611414512307e-01 -5.339205060695e-01 -7.080993186488e-01 2.954335939697e-02 0.000000000000e+00 0.000000000000e+00 0.000000000000e+00 
-4.598453166599e-01 -5.339524299768e-01 -7.085693112124e-01 3.696780323172e-02 0.000000000000e+00 1.836709923160e-40 0.000000000000e+00 
-4.585194618160e-01 -5.339510468669e-01 -7.090049206638e-01 4.436445830012e-02 0.000000000000e+00 -1.836709923160e-40 0.000000000000e+00 
-4.571642250865e-01 -5.339166701584e-01 -7.094064774171e-01 5.173306898635e-02 0.000000000000e+00 1.836709923160e-40 -7.346839692639e-40 
-4.557799100926e-01 -5.338496260877e-01 -7.097743256196e-01 5.907331862340e-02 0.000000000000e+00 -1.836709923160e-40 0.000000000000e+00 
-4.543668071840e-01 -5.337502362026e-01 -7.101088135952e-01 6.638495866858e-02 0.000000000000e+00 0.000000000000e+00 0.000000000000e+00 
-4.529252981725e-01 -5.336187930996e-01 -7.104102455159e-01 7.366777444880e-02 0.000000000000e+00 0.000000000000e+00 0.000000000000e+00 
-4.514557127509e-01 -5.334556053167e-01 -7.106789491442e-01 8.092149173204e-02 0.000000000000e+00 0.000000000000e+00 -7.346839692639e-40 
-4.499583683076e-01 -5.332609907614e-01 -7.109152582331e-01 8.814577774020e-02 0.000000000000e+00 0.000000000000e+00 0.000000000000e+00 
-4.484335370949e-01 -5.330352679843e-01 -7.111195192089e-01 9.534041794287e-02 0.000000000000e+00 -1.836709923160e-40 7.346839692639e-40 
-4.468815190239e-01 -5.327787527690e-01 -7.112920616777e-01 1.025051781473e-01 0.000000000000e+00 0.000000000000e+00 0.000000000000e+00 
-4.453026387903e-01 -5.324917616865e-01 -7.114331957935e-01 1.096398264569e-01 0.000000000000e+00 0.000000000000e+00 0.000000000000e+00 
-4.436972083248e-01 -5.321746014249e-01 -7.115432403519e-01 1.167441563100e-01 0.000000000000e+00 0.000000000000e+00 0.000000000000e+00 
-4.420655352622e-01 -5.318275782388e-01 -7.116225170815e-01 1.238179419168e-01 0.000000000000e+00 0.000000000000e+00 0.000000000000e+00 
-4.404079186203e-01 -5.314510004682e-01 -7.116713449809e-01 1.308609798639e-01 0.000000000000e+00 0.000000000000e+00 0.000000000000e+00 
-4.387246460354e-01 -5.310451745805e-01 -7.116900528146e-01 1.378730439232e-01 0.000000000000e+00 0.000000000000e+00 7.346839692639e-40 
-4.370160139659e-01 -5.306104066016e-01 -7.116789587279e-01 1.448539252051e-01 0.000000000000e+00 0.000000000000e+00 -7.346839692639e-40 
-4.352823486784e-01 -5.301470038316e-01 -7.116383537410e-01 1.518034411408e-01 0.000000000000e+00 0.000000000000e+00 0.000000000000e+00 
-4.335238946113e-01 -5.296552811694e-01 -7.115685704588e-01 1.587214083407e-01 0.000000000000e+00 0.000000000000e+00 -7.346839692639e-40 
-4.317409573206e-01 -5.291355418039e-01 -7.114699169540e-01 1.656076128722e-01 0.000000000000e+00 0.000000000000e+00 7.346839692639e-40 
-4.299338546185e-01 -5.285880844847e-01 -7.113427017661e-01 1.724618167530e-01 0.000000000000e+00 0.000000000000e+00 7.346839692639e-40 
-4.281029240152e-01 -5.280131840363e-01 -7.111872083231e-01 1.792839051647e-01 0.000000000000e+00 0.000000000000e+00 0.000000000000e+00 
-4.262484705501e-01 -5.274111416119e-01 -7.110037299698e-01 1.860737085845e-01 0.000000000000e+00 0.000000000000e+00 0.000000000000e+00 
-4.243707617057e-01 -5.267822715473e-01 -7.107925675117e-01 1.928310684589e-01 0.000000000000e+00 0.000000000000e+00 0.000000000000e+00 
-4.224700622445e-01 -5.261268786601e-01 -7.105540251337e-01 1.995558353562e-01 0.000000000000e+00 0.000000000000e+00 0.000000000000e+00 
-4.205466336755e-01 -5.254452623927e-01 -7.102884112365e-01 2.062478557378e-01 0.000000000000e+00 0.000000000000e+00 0.000000000000e+00 
-4.186007638548e-01 -5.247377094989e-01 -7.099960268074e-01 2.129069718156e-01 0.000000000000e+00 0.000000000000e+00 0.000000000000e+00 
-4.166327630500e-01 -5.240044956973e-01 -7.096771487694e-01 2.195330812357e-01 0.000000000000e+00 0.000000000000e+00 0.000000000000e+00 
-4.146429255270e-01 -5.232459147018e-01 -7.093320682691e-01 2.261260135044e-01 0.000000000000e+00 0.000000000000e+00 0.000000000000e+00 
-4.126315669943e-01 -5.224622651405e-01 -7.089610731371e-01 2.326855564927e-01 0.000000000000e+00 0.000000000000e+00 0.000000000000e+00 
-4.105989092361e-01 -5.216538484736e-01 -7.085644712918e-01 2.392115969800e-01 0.000000000000e+00 0.000000000000e+00 0.000000000000e+00 
-4.085452025400e-01 -5.208209644568e-01 -7.081425540777e-01 2.457040161824e-01 0.000000000000e+00 0.000000000000e+00 0.000000000000e+00 
-4.064707329172e-01 -5.199638984883e-01 -7.076956016118e-01 2.521626915504e-01 0.000000000000e+00 0.000000000000e+00 0.000000000000e+00 
-4.043757757736e-01 -5.190829344095e-01 -7.072239029930e-01 2.585874904314e-01 0.000000000000e+00 0.000000000000e+00 0.000000000000e+00 
-4.022605923143e-01 -5.181783685454e-01 -7.067277420658e-01 2.649782874826e-01 0.000000000000e+00 0.000000000000e+00 0.000000000000e+00 
-4.001254178702e-01 -5.172504946301e-01 -7.062074120888e-01 2.713349717414e-01 0.000000000000e+00 0.000000000000e+00 0.000000000000e+00 
-3.979705570098e-01 -5.162995819231e-01 -7.056631869730e-01 2.776574220340e-01 0.000000000000e+00 0.000000000000e+00 0.000000000000e+00 
-3.957963036307e-01 -5.153258956226e-01 -7.050953409655e-01 2.839455361186e-01 0.000000000000e+00 0.000000000000e+00 0.000000000000e+00 
-3.936029106527e-01 -5.143297087982e-01 -7.045041578222e-01 2.901992263679e-01 0.000000000000e+00 0.000000000000e+00 0.000000000000e+00 
-3.913906101561e-01 -5.133113006205e-01 -7.038899165063e-01 2.964184278646e-01 0.000000000000e+00 0.000000000000e+00 0.000000000000e+00 
-3.891596532639e-01 -5.122709625566e-01 -7.032529002376e-01 3.026030130389e-01 0.000000000000e+00 0.000000000000e+00 0.000000000000e+00 
-3.869103206922e-01 -5.112089665562e-01 -7.025933957189e-01 3.087528405483e-01 0.000000000000e+00 0.000000000000e+00 0.000000000000e+00 
-3.846428564735e-01 -5.101255881525e-01 -7.019116832890e-01 3.148678232819e-01 0.000000000000e+00 0.000000000000e+00 0.000000000000e+00 
-3.823575085687e-01 -5.090211157132e-01 -7.012080345804e-01 3.209478643629e-01 0.000000000000e+00 0.000000000000e+00 0.000000000000e+00 
-3.800545264027e-01 -5.078958404516e-01 -7.004827076793e-01 3.269928874685e-01 0.000000000000e+00 0.000000000000e+00 0.000000000000e+00 
-3.777341497952e-01 -5.067500167090e-01 -6.997359586208e-01 3.330028841573e-01 0.000000000000e+00 0.000000000000e+00 0.000000000000e+00 
-3.753966659801e-01 -5.055839035022e-01 -6.989680398748e-01 3.389777852959e-01 0.000000000000e+00 0.000000000000e+00 0.000000000000e+00 
-3.730423151520e-01 -5.043977835843e-01 -6.981792242590e-01 3.449174942422e-01 0.000000000000e+00 0.000000000000e+00 0.000000000000e+00 
-3.706713217916e-01 -5.031919188577e-01 -6.973697838054e-01 3.508219614460e-01 0.000000000000e+00 0.000000000000e+00 0.000000000000e+00 
-3.682839140683e-01 -5.019665791178e-01 -6.965399827686e-01 3.566911331838e-01 0.000000000000e+00 0.000000000000e+00 0.000000000000e+00 
-3.658803362176e-01 -5.007220361547e-01 -6.956900633092e-01 3.625249755413e-01 0.000000000000e+00 0.000000000000e+00 0.000000000000e+00 
-3.634608124226e-01 -4.994585614793e-01 -6.948203053937e-01 3.683233992169e-01 0.000000000000e+00 0.000000000000e+00 0.000000000000e+00 
-3.610256010072e-01 -4.981764143534e-01 -6.939309776314e-01 3.740863187594e-01 0.000000000000e+00 0.000000000000e+00 0.000000000000e+00 
-3.585749553010e-01 -4.968758656464e-01 -6.930223349055e-01 3.798136633814e-01 0.000000000000e+00 0.000000000000e+00 0.000000000000e+00 
-3.561090637320e-01 -4.955571829885e-01 -6.920946248673e-01 3.855054388023e-01 0.000000000000e+00 0.000000000000e+00 0.000000000000e+00 
-3.536281741839e-01 -4.942206114857e-01 -6.911481160465e-01 3.911615820752e-01 0.000000000000e+00 0.000000000000e+00 0.000000000000e+00 
-3.511325346608e-01 -4.928664016477e-01 -6.901830733630e-01 3.967820289187e-01 0.000000000000e+00 0.000000000000e+00 0.000000000000e+00 
-3.486223328746e-01 -4.914948006324e-01 -6.891997354429e-01 4.023668160246e-01 0.000000000000e+00 0.000000000000e+00 0.000000000000e+00 
-3.460977793061e-01 -4.901060674000e-01 -6.881983596945e-01 4.079159074747e-01 0.000000000000e+00 0.000000000000e+00 0.000000000000e+00 
-3.435591345850e-01 -4.887004329891e-01 -6.871791931587e-01 4.134292736723e-01 0.000000000000e+00 0.000000000000e+00 0.000000000000e+00 
-3.410065528059e-01 -4.872781711238e-01 -6.861424925619e-01 4.189069046825e-01 0.000000000000e+00 0.000000000000e+00 0.000000000000e+00 
-3.384402294341e-01 -4.858395332467e-01 -6.850885097553e-01 4.243487867739e-01 0.000000000000e+00 0.000000000000e+00 0.000000000000e+00 
-3.358604067822e-01 -4.843847239817e-01 -6.840174940385e-01 4.297549233908e-01 0.000000000000e+00 0.000000000000e+00 0.000000000000e+00 
-3.332672533869e-01 -4.829139587905e-01 -6.829296942604e-01 4.351253600086e-01 0.000000000000e+00 0.000000000000e+00 0.000000000000e+00 
-3.306609573615e-01 -4.814274479604e-01 -6.818253502351e-01 4.404601405393e-01 0.000000000000e+00 0.000000000000e+00 0.000000000000e+00 
-3.280416944163e-01 -4.799254288256e-01 -6.807047048206e-01 4.457592784522e-01 0.000000000000e+00 0.000000000000e+00 0.000000000000e+00 
-3.254096263858e-01 -4.784081422986e-01 -6.795680187671e-01 4.510227625152e-01 0.000000000000e+00 0.000000000000e+00 0.000000000000e+00 
-3.227649363302e-01 -4.768758092832e-01 -6.784155319182e-01 4.562506158334e-01 0.000000000000e+00 0.000000000000e+00 0.000000000000e+00 
-3.201078139541e-01 -4.753286411576e-01 -6.772474685333e-01 4.614428856381e-01 0.000000000000e+00 0.000000000000e+00 0.000000000000e+00 
-3.174384075967e-01 -4.737668608671e-01 -6.760640724031e-01 4.665996023705e-01 0.000000000000e+00 0.000000000000e+00 0.000000000000e+00 
-3.147569188763e-01 -4.721906755095e-01 -6.748655832556e-01 4.717207781289e-01 0.000000000000e+00 0.000000000000e+00 0.000000000000e+00 
-3.120635794617e-01 -4.706002717284e-01 -6.736522145597e-01 4.768064601508e-01 0.000000000000e+00 0.000000000000e+00 0.000000000000e+00 
-3.093585277135e-01 -4.689958774763e-01 -6.724241944250e-01 4.818566913439e-01 0.000000000000e+00 0.000000000000e+00 0.000000000000e+00 
-3.066419370196e-01 -4.673777159244e-01 -6.711817699942e-01 4.868714663499e-01 0.000000000000e+00 0.000000000000e+00 0.000000000000e+00 
-3.039139998995e-01 -4.657459835547e-01 -6.699251576837e-01 4.918508336581e-01 0.000000000000e+00 0.000000000000e+00 0.000000000000e+00 
-3.011748619667e-01 -4.641008809916e-01 -6.686545881395e-01 4.967948435141e-01 0.000000000000e+00 0.000000000000e+00 0.000000000000e+00 
-2.984247190674e-01 -4.624426010768e-01 -6.673702710406e-01 5.017035470176e-01 0.000000000000e+00 0.000000000000e+00 0.000000000000e+00 
-2.956637160730e-01 -4.607713753696e-01 -6.660724132933e-01 5.065769900889e-01 0.000000000000e+00 0.000000000000e+00 0.000000000000e+00 
-2.928919801008e-01 -4.590874170482e-01 -6.647612232189e-01 5.114152399031e-01 0.000000000000e+00 0.000000000000e+00 0.000000000000e+00 
-2.901097025453e-01 -4.573909212611e-01 -6.634369191577e-01 5.162183258423e-01 0.000000000000e+00 0.000000000000e+00 0.000000000000e+00 
-2.873170502408e-01 -4.556820821305e-01 -6.620997123611e-01 5.209862988193e-01 0.000000000000e+00 0.000000000000e+00 0.000000000000e+00 
-2.845141540750e-01 -4.539611221470e-01 -6.607498217579e-01 5.257191919237e-01 0.000000000000e+00 0.000000000000e+00 0.000000000000e+00 
-2.817011818875e-01 -4.522282468464e-01 -6.593874480123e-01 5.304170531584e-01 0.000000000000e+00 0.000000000000e+00 0.000000000000e+00 
-2.788782705184e-01 -4.504836780725e-01 -6.580127956836e-01 5.350799255622e-01 0.000000000000e+00 0.000000000000e+00 0.000000000000e+00 
-2.760455756663e-01 -4.487275996724e-01 -6.566260770988e-01 5.397078620154e-01 0.000000000000e+00 0.000000000000e+00 0.000000000000e+00 
-2.732032700212e-01 -4.469602025343e-01 -6.552274979655e-01 5.443009062184e-01 0.000000000000e+00 0.000000000000e+00 0.000000000000e+00 
-2.703515063052e-01 -4.451816971341e-01 -6.538172602804e-01 5.488590982527e-01 0.000000000000e+00 0.000000000000e+00 0.000000000000e+00 
-2.674904098187e-01 -4.433922564491e-01 -6.523955442888e-01 5.533825452327e-01 0.000000000000e+00 0.000000000000e+00 0.000000000000e+00 
-2.646201336922e-01 -4.415920736802e-01 -6.509625360101e-01 5.578713131349e-01 0.000000000000e+00 0.000000000000e+00 0.000000000000e+00 
-2.617408187419e-01 -4.397813755932e-01 -6.495184287841e-01 5.623254361626e-01 0.000000000000e+00 0.000000000000e+00 0.000000000000e+00 
-2.588526258284e-01 -4.379603345237e-01 -6.480634193571e-01 5.667449761373e-01 0.000000000000e+00 0.000000000000e+00 0.000000000000e+00 
-2.559557347969e-01 -4.361291252010e-01 -6.465977009461e-01 5.711299861740e-01 0.000000000000e+00 0.000000000000e+00 0.000000000000e+00 
-2.530503076793e-01 -4.342879349506e-01 -6.451214558274e-01 5.754805284030e-01 0.000000000000e+00 0.000000000000e+00 0.000000000000e+00 
-2.501364686566e-01 -4.324369469506e-01 -6.436348713166e-01 5.797966767629e-01 0.000000000000e+00 0.000000000000e+00 0.000000000000e+00 
-2.472143700325e-01 -4.305763421566e-01 -6.421381232942e-01 5.840785045151e-01 0.000000000000e+00 0.000000000000e+00 0.000000000000e+00 
-2.442841431551e-01 -4.287062982977e-01 -6.406313657940e-01 5.883261173565e-01 0.000000000000e+00 0.000000000000e+00 0.000000000000e+00 
-2.413459106007e-01 -4.268270018689e-01 -6.391148073468e-01 5.925395555927e-01 0.000000000000e+00 0.000000000000e+00 0.000000000000e+00 
-2.383998196133e-01 -4.249386306673e-01 -6.375886325893e-01 5.967188800163e-01 0.000000000000e+00 0.000000000000e+00 0.000000000000e+00 
-2.354459795652e-01 -4.230413916265e-01 -6.360529766447e-01 6.008641964527e-01 0.000000000000e+00 0.000000000000e+00 0.000000000000e+00 
-2.324845209047e-01 -4.211354803548e-01 -6.345080287865e-01 6.049755500278e-01 0.000000000000e+00 0.000000000000e+00 0.000000000000e+00 
-2.295155988350e-01 -4.192210720027e-01 -6.329539826837e-01 6.090529849571e-01 0.000000000000e+00 0.000000000000e+00 0.000000000000e+00 
-2.265393706036e-01 -4.172983329882e-01 -6.313910112184e-01 6.130965713527e-01 0.000000000000e+00 0.000000000000e+00 0.000000000000e+00 
-2.235559525980e-01 -4.153674331993e-01 -6.298192627681e-01 6.171064152491e-01 0.000000000000e+00 0.000000000000e+00 0.000000000000e+00 
-2.205654749799e-01 -4.134285574702e-01 -6.282389152541e-01 6.210825746029e-01 0.000000000000e+00 0.000000000000e+00 0.000000000000e+00 
-2.175680684835e-01 -4.114819058424e-01 -6.266501425981e-01 6.250250999140e-01 0.000000000000e+00 0.000000000000e+00 0.000000000000e+00 
-2.145638599385e-01 -4.095276280156e-01 -6.250531045785e-01 6.289340890404e-01 0.000000000000e+00 0.000000000000e+00 0.000000000000e+00 
-2.115529684960e-01 -4.075659152929e-01 -6.234479614847e-01 6.328096123895e-01 0.000000000000e+00 0.000000000000e+00 0.000000000000e+00 
-2.085355003931e-01 -4.055969762245e-01 -6.218348537154e-01 6.366517514765e-01 0.000000000000e+00 0.000000000000e+00 0.000000000000e+00 
-2.055115916868e-01 -4.036209334200e-01 -6.202139428798e-01 6.404606099089e-01 0.000000000000e+00 0.000000000000e+00 0.000000000000e+00 
-2.024813688637e-01 -4.016379625005e-01 -6.185854043505e-01 6.442362453837e-01 0.000000000000e+00 0.000000000000e+00 0.000000000000e+00 
-1.994449675114e-01 -3.996482434531e-01 -6.169493947108e-01 6.479787271239e-01 0.000000000000e+00 0.000000000000e+00 0.000000000000e+00 
-1.964024996446e-01 -3.976519369149e-01 -6.153060692331e-01 6.516881434905e-01 0.000000000000e+00 0.000000000000e+00 0.000000000000e+00 
-1.933540921455e-01 -3.956492106840e-01 -6.136555826321e-01 6.553645726160e-01 0.000000000000e+00 0.000000000000e+00 0.000000000000e+00 
-1.902998623062e-01 -3.936402404179e-01 -6.119980756970e-01 6.590081022819e-01 0.000000000000e+00 0.000000000000e+00 0.000000000000e+00 
-1.872398908205e-01 -3.916252128511e-01 -6.103336981774e-01 6.626188141111e-01 0.000000000000e+00 0.000000000000e+00 0.000000000000e+00 
-1.841742971562e-01 -3.896043100937e-01 -6.086626012712e-01 6.661967784650e-01 0.000000000000e+00 0.000000000000e+00 0.000000000000e+00 
-1.811032082997e-01 -3.875776863876e-01 -6.069849104267e-01 6.697421022097e-01 0.000000000000e+00 0.000000000000e+00 0.000000000000e+00 
-1.780267010426e-01 -3.855454823981e-01 -6.053007161320e-01 6.732549426246e-01 0.000000000000e+00 0.000000000000e+00 0.000000000000e+00 
-1.749448944872e-01 -3.835078795858e-01 -6.036101689749e-01 6.767353648943e-01 0.000000000000e+00 0.000000000000e+00 0.000000000000e+00 
-1.718579295311e-01 -3.814650521769e-01 -6.019134435382e-01 6.801834109363e-01 0.000000000000e+00 0.000000000000e+00 0.000000000000e+00 
-1.687658888047e-01 -3.794171722240e-01 -6.002106645672e-01 6.835991825165e-01 0.000000000000e+00 0.000000000000e+00 0.000000000000e+00 
-1.656688955786e-01 -3.773643925651e-01 -5.985019868937e-01 6.869827537472e-01 0.000000000000e+00 0.000000000000e+00 0.000000000000e+00 
-1.625670712793e-01 -3.753068505834e-01 -5.967875363990e-01 6.903342318324e-01 0.000000000000e+00 0.000000000000e+00 0.000000000000e+00 
-1.594604923613e-01 -3.732447159509e-01 -5.950674274635e-01 6.936537249684e-01 0.000000000000e+00 0.000000000000e+00 0.000000000000e+00 
-1.563492973279e-01 -3.711781300703e-01 -5.933418142756e-01 6.969413062911e-01 0.000000000000e+00 0.000000000000e+00 0.000000000000e+00 
-1.532336167151e-01 -3.691072276367e-01 -5.916108300694e-01 7.001970715158e-01 0.000000000000e+00 0.000000000000e+00 0.000000000000e+00 
-1.501135381098e-01 -3.670321613973e-01 -5.898745951822e-01 7.034211257382e-01 0.000000000000e+00 0.000000000000e+00 0.000000000000e+00 
-1.469891666927e-01 -3.649530839420e-01 -5.881332358259e-01 7.066135636351e-01 0.000000000000e+00 0.000000000000e+00 0.000000000000e+00 
-1.438605913461e-01 -3.628701670595e-01 -5.863868692339e-01 7.097744794692e-01 0.000000000000e+00 0.000000000000e+00 0.000000000000e+00 
-1.407278918940e-01 -3.607835693456e-01 -5.846356105514e-01 7.129039762889e-01 0.000000000000e+00 0.000000000000e+00 0.000000000000e+00 
-1.375911817406e-01 -3.586934415554e-01 -5.828795881832e-01 7.160021420162e-01 0.000000000000e+00 0.000000000000e+00 0.000000000000e+00 
-1.344505468001e-01 -3.565999565449e-01 -5.811189091230e-01 7.190690752056e-01 0.000000000000e+00 0.000000000000e+00 0.000000000000e+00 
-1.313060504764e-01 -3.545032824758e-01 -5.793537062348e-01 7.221048586557e-01 0.000000000000e+00 0.000000000000e+00 0.000000000000e+00 
-1.281578180266e-01 -3.524035538567e-01 -5.775841025577e-01 7.251095871525e-01 0.000000000000e+00 0.000000000000e+00 0.000000000000e+00 
-1.250059786281e-01 -3.503008705640e-01 -5.758101945055e-01 7.280833917162e-01 0.000000000000e+00 0.000000000000e+00 0.000000000000e+00 
-1.218505919277e-01 -3.481954155474e-01 -5.740321082928e-01 7.310263500638e-01 0.000000000000e+00 0.000000000000e+00 0.000000000000e+00 
-1.186917543312e-01 -3.460873310980e-01 -5.722499557321e-01 7.339385634179e-01 0.000000000000e+00 0.000000000000e+00 0.000000000000e+00 
-1.155295736163e-01 -3.439767461130e-01 -5.704638473908e-01 7.368201371933e-01 0.000000000000e+00 0.000000000000e+00 0.000000000000e+00 
-1.123641288398e-01 -3.418638037063e-01 -5.686738891467e-01 7.396711769890e-01 0.000000000000e+00 0.000000000000e+00 0.000000000000e+00 
-1.091955437341e-01 -3.397486147966e-01 -5.668802016202e-01 7.424917837818e-01 0.000000000000e+00 0.000000000000e+00 0.000000000000e+00 
-1.060239334832e-01 -3.376312976861e-01 -5.650829035024e-01 7.452820570233e-01 0.000000000000e+00 0.000000000000e+00 0.000000000000e+00 
-1.028493166248e-01 -3.355120486986e-01 -5.632820722671e-01 7.480421046374e-01 0.000000000000e+00 0.000000000000e+00 0.000000000000e+00 
-9.967180433055e-02 -3.333909841021e-01 -5.614778268871e-01 7.507720246887e-01 0.000000000000e+00 0.000000000000e+00 0.000000000000e+00 
-9.649151054802e-02 -3.312682265217e-01 -5.596702874265e-01 7.534719104660e-01 0.000000000000e+00 0.000000000000e+00 0.000000000000e+00 
-9.330852185086e-02 -3.291438766004e-01 -5.578595449007e-01 7.561418890722e-01 0.000000000000e+00 0.000000000000e+00 0.000000000000e+00 
-9.012292531367e-02 -3.270180723939e-01 -5.560456940476e-01 7.587820667305e-01 0.000000000000e+00 0.000000000000e+00 0.000000000000e+00 
-8.693479598583e-02 -3.248909647279e-01 -5.542288208075e-01 7.613925508379e-01 0.000000000000e+00 0.000000000000e+00 0.000000000000e+00 
-8.374420375984e-02 -3.227626478901e-01 -5.524089821446e-01 7.639734929365e-01 0.000000000000e+00 0.000000000000e+00 0.000000000000e+00 
-8.055125006357e-02 -3.206332454675e-01 -5.505862970358e-01 7.665249816742e-01 0.000000000000e+00 0.000000000000e+00 0.000000000000e+00 
-7.735601462871e-02 -3.185029180821e-01 -5.487608895254e-01 7.690470884811e-01 0.000000000000e+00 0.000000000000e+00 0.000000000000e+00 
-7.415857318063e-02 -3.163717902197e-01 -5.469328455683e-01 7.715399269095e-01 0.000000000000e+00 0.000000000000e+00 0.000000000000e+00 
-7.095900415126e-02 -3.142399954825e-01 -5.451022553829e-01 7.740036021528e-01 0.000000000000e+00 0.000000000000e+00 0.000000000000e+00 
-6.775741752141e-02 -3.121076100315e-01 -5.432692190654e-01 7.764382317656e-01 0.000000000000e+00 0.000000000000e+00 0.000000000000e+00 
-6.455387603462e-02 -3.099747736251e-01 -5.414338237677e-01 7.788439197203e-01 0.000000000000e+00 0.000000000000e+00 0.000000000000e+00 
-6.134847708081e-02 -3.078415861816e-01 -5.395961581296e-01 7.812207807713e-01 0.000000000000e+00 0.000000000000e+00 0.000000000000e+00 
-5.814126337011e-02 -3.057081859384e-01 -5.377562687765e-01 7.835689465105e-01 0.000000000000e+00 0.000000000000e+00 0.000000000000e+00 
-5.493229624070e-02 -3.035746904951e-01 -5.359142259479e-01 7.858885369740e-01 0.000000000000e+00 0.000000000000e+00 0.000000000000e+00 
-5.172168058169e-02 -3.014412040319e-01 -5.340701402574e-01 7.881796454839e-01 0.000000000000e+00 0.000000000000e+00 0.000000000000e+00 
-4.850950685274e-02 -2.993078433755e-01 -5.322241061587e-01 7.904423720060e-01 0.000000000000e+00 0.000000000000e+00 0.000000000000e+00 
-4.529579512044e-02 -2.971747509433e-01 -5.303761517621e-01 7.926768547070e-01 0.000000000000e+00 0.000000000000e+00 0.000000000000e+00 
-4.208062234469e-02 -2.950420422678e-01 -5.285263578508e-01 7.948832012154e-01 0.000000000000e+00 0.000000000000e+00 0.000000000000e+00 
-3.886407619718e-02 -2.929098388908e-01 -5.266748473425e-01 7.970614876150e-01 0.000000000000e+00 0.000000000000e+00 0.000000000000e+00 
-3.564619046639e-02 -2.907782970665e-01 -5.248216883658e-01 7.992118157792e-01 0.000000000000e+00 0.000000000000e+00 0.000000000000e+00 
-3.242704676792e-02 -2.886475088390e-01 -5.229669526666e-01 8.013343052045e-01 0.000000000000e+00 0.000000000000e+00 0.000000000000e+00 
-2.920671877849e-02 -2.865175889144e-01 -5.211107146706e-01 8.034290646202e-01 0.000000000000e+00 0.000000000000e+00 0.000000000000e+00 
-2.598526580269e-02 -2.843886306229e-01 -5.192530290259e-01 8.054962225740e-01 0.000000000000e+00 0.000000000000e+00 0.000000000000e+00 
-2.276275568064e-02 -2.822607250358e-01 -5.173939431373e-01 8.075359110658e-01 0.000000000000e+00 0.000000000000e+00 0.000000000000e+00 
-1.953927567554e-02 -2.801339420910e-01 -5.155335359852e-01 8.095482471534e-01 0.000000000000e+00 0.000000000000e+00 -3.673419846320e-40 
-1.631487369584e-02 -2.780084156574e-01 -5.136718748418e-01 8.115333330902e-01 0.000000000000e+00 0.000000000000e+00 0.000000000000e+00 
-1.308960368059e-02 -2.758842629530e-01 -5.118090119736e-01 8.134912851365e-01 0.000000000000e+00 0.000000000000e+00 0.000000000000e+00 
-9.863534075375e-03 -2.737615622637e-01 -5.099450057169e-01 8.154222273564e-01 0.000000000000e+00 0.000000000000e+00 3.673419846320e-40 
-6.636731931902e-03 -2.716403961291e-01 -5.080799274449e-01 8.173262728603e-01 0.000000000000e+00 0.000000000000e+00 0.000000000000e+00 
-3.409264652242e-03 -2.695208651394e-01 -5.062138503002e-01 8.192035265630e-01 0.000000000000e+00 0.000000000000e+00 0.000000000000e+00 
-1.812130964121e-04 -2.674030744132e-01 -5.043468696023e-01 8.210540774386e-01 0.000000000000e+00 0.000000000000e+00 -3.673419846320e-40 
3.047389619360e-03 -2.652871242768e-01 -5.024790078971e-01 8.228780600625e-01 0.000000000000e+00 0.000000000000e+00 0.000000000000e+00 
6.276475049018e-03 -2.631731025135e-01 -5.006103415412e-01 8.246755785861e-01 0.000000000000e+00 0.000000000000e+00 0.000000000000e+00 
9.505958500194e-03 -2.610610810411e-01 -4.987409609153e-01 8.264467330832e-01 0.000000000000e+00 0.000000000000e+00 3.673419846320e-40 
1.273580317237e-02 -2.589511751144e-01 -4.968709083236e-01 8.281916376577e-01 0.000000000000e+00 0.000000000000e+00 0.000000000000e+00 
1.596595778768e-02 -2.568434808216e-01 -4.950002218771e-01 8.299104137755e-01 0.000000000000e+00 9.183549615799e-41 0.000000000000e+00 
1.919636490322e-02 -2.547380986184e-01 -4.931289671921e-01 8.316031640169e-01 0.000000000000e+00 0.000000000000e+00 0.000000000000e+00 
2.242697814918e-02 -2.526351010760e-01 -4.912571639290e-01 8.332700254082e-01 0.000000000000e+00 0.000000000000e+00 0.000000000000e+00 
2.565773143539e-02 -2.505345533230e-01 -4.893848695306e-01 8.349111137620e-01 0.000000000000e+00 9.183549615799e-41 3.673419846320e-40 
2.888855722194e-02 -2.484365206035e-01 -4.875121459200e-01 8.365265411644e-01 0.000000000000e+00 0.000000000000e+00 3.673419846320e-40 
3.211942307869e-02 -2.463411161721e-01 -4.856390259505e-01 8.381164200861e-01 0.000000000000e+00 0.000000000000e+00 0.000000000000e+00 
3.535028783663e-02 -2.442484452829e-01 -4.837655439903e-01 8.396808635276e-01 0.000000000000e+00 0.000000000000e+00 0.000000000000e+00 
3.858108412697e-02 -2.421585759302e-01 -4.818917592298e-01 8.412199810023e-01 -1.836709923160e-40 0.000000000000e+00 0.000000000000e+00 
4.181176105064e-02 -2.400715665821e-01 -4.800177159547e-01 8.427338915259e-01 -1.836709923160e-40 0.000000000000e+00 0.000000000000e+00 
4.504225523618e-02 -2.379874718518e-01 -4.781434415000e-01 8.442227240695e-01 0.000000000000e+00 -9.183549615799e-41 0.000000000000e+00 
4.827250623982e-02 -2.359063821076e-01 -4.762690223099e-01 8.456865627467e-01 0.000000000000e+00 0.000000000000e+00 0.000000000000e+00 
5.150249504075e-02 -2.338284056003e-01 -4.743944842354e-01 8.471255178933e-01 0.000000000000e+00 0.000000000000e+00 0.000000000000e+00 
5.473216935746e-02 -2.317536031931e-01 -4.725198403838e-01 8.485397206308e-01 1.836709923160e-40 0.000000000000e+00 0.000000000000e+00 
5.796147505323e-02 -2.296820385447e-01 -4.706451196337e-01 8.499292911440e-01 1.836709923160e-40 0.000000000000e+00 0.000000000000e+00 
6.119037125455e-02 -2.276137992896e-01 -4.687703946148e-01 8.512943168913e-01 0.000000000000e+00 -9.183549615799e-41 0.000000000000e+00 
6.441880923040e-02 -2.255489524602e-01 -4.668956873194e-01 8.526349184874e-01 0.000000000000e+00 9.183549615799e-41 0.000000000000e+00 
6.764672959536e-02 -2.234875268028e-01 -4.650210128423e-01 8.539512298450e-01 1.836709923160e-40 0.000000000000e+00 0.000000000000e+00 
7.087411998567e-02 -2.214296333260e-01 -4.631463871100e-01 8.552433575938e-01 1.836709923160e-40 9.183549615799e-41 0.000000000000e+00 
7.410094366825e-02 -2.193753590170e-01 -4.612718379365e-01 8.565114088734e-01 -1.836709923160e-40 0.000000000000e+00 0.000000000000e+00 
7.732713158416e-02 -2.173247544579e-01 -4.593974563213e-01 8.577554680363e-01 -1.836709923160e-40 0.000000000000e+00 0.000000000000e+00 
8.055264979775e-02 -2.152778668861e-01 -4.575232386541e-01 8.589756671356e-01 1.836709923160e-40 0.000000000000e+00 0.000000000000e+00 
8.377745269717e-02 -2.132347777727e-01 -4.556492419074e-01 8.601720969184e-01 0.000000000000e+00 0.000000000000e+00 0.000000000000e+00 
8.700149226090e-02 -2.111955541554e-01 -4.537754861259e-01 8.613448707925e-01 0.000000000000e+00 -9.183549615799e-41 0.000000000000e+00 
9.022472871543e-02 -2.091602351408e-01 -4.519020031631e-01 8.624941007922e-01 0.000000000000e+00 0.000000000000e+00 0.000000000000e+00 
9.344711667165e-02 -2.071288777438e-01 -4.500288106832e-01 8.636199013139e-01 0.000000000000e+00 0.000000000000e+00 0.000000000000e+00 
9.666861827832e-02 -2.051015591474e-01 -4.481559297157e-01 8.647223781863e-01 0.000000000000e+00 0.000000000000e+00 0.000000000000e+00 
9.988921475302e-02 -2.030783436833e-01 -4.462833691712e-01 8.658016432787e-01 0.000000000000e+00 0.000000000000e+00 0.000000000000e+00 
1.031088678270e-01 -2.010592807500e-01 -4.444111284190e-01 8.668578176016e-01 0.000000000000e+00 0.000000000000e+00 0.000000000000e+00 
1.063275147663e-01 -1.990443897640e-01 -4.425392759378e-01 8.678909953212e-01 0.000000000000e+00 0.000000000000e+00 0.000000000000e+00 
1.095451255695e-01 -1.970337487747e-01 -4.406678230304e-01 8.689012815351e-01 0.000000000000e+00 0.000000000000e+00 0.000000000000e+00 
1.127616618126e-01 -1.950274094552e-01 -4.387967821936e-01 8.698887866406e-01 0.000000000000e+00 0.000000000000e+00 0.000000000000e+00 
1.159770727587e-01 -1.930254039562e-01 -4.369261977943e-01 8.708536098006e-01 0.000000000000e+00 9.183549615799e-41 0.000000000000e+00 
1.191913327358e-01 -1.910277859056e-01 -4.350560800275e-01 8.717958582396e-01 0.000000000000e+00 0.000000000000e+00 -1.836709923160e-40 
1.224044099273e-01 -1.890346132033e-01 -4.331864324518e-01 8.727156410774e-01 0.000000000000e+00 9.183549615799e-41 0.000000000000e+00 
1.256162542906e-01 -1.870459171517e-01 -4.313172941560e-01 8.736130569633e-01 0.000000000000e+00 0.000000000000e+00 0.000000000000e+00 
1.288268388272e-01 -1.850617394878e-01 -4.294486941875e-01 8.744882030286e-01 0.000000000000e+00 9.183549615799e-41 0.000000000000e+00 
1.320361181158e-01 -1.830821115158e-01 -4.275806760762e-01 8.753411731445e-01 0.000000000000e+00 0.000000000000e+00 1.836709923160e-40 
1.352440471629e-01 -1.811070816897e-01 -4.257132518872e-01 8.761720720477e-01 0.000000000000e+00 0.000000000000e+00 0.000000000000e+00 
1.384506113040e-01 -1.791367184452e-01 -4.238463847968e-01 8.769810182831e-01 0.000000000000e+00 9.183549615799e-41 0.000000000000e+00 
1.416557643066e-01 -1.771710534363e-01 -4.219800995113e-01 8.777681116784e-01 0.000000000000e+00 0.000000000000e+00 -1.836709923160e-40 
1.448594635536e-01 -1.752101297434e-01 -4.201144043784e-01 8.785334561006e-01 0.000000000000e+00 9.183549615799e-41 0.000000000000e+00 
1.480616697566e-01 -1.732539770523e-01 -4.182493211579e-01 8.792771501270e-01 0.000000000000e+00 0.000000000000e+00 0.000000000000e+00 
1.512824835667e-01 -1.715314576047e-01 -4.167336814889e-01 8.797861148771e-01 0.000000000000e+00 0.000000000000e+00 0.000000000000e+00 
1.545345008263e-01 -1.701796592778e-01 -4.157792971971e-01 8.799349678498e-01 0.000000000000e+00 0.000000000000e+00 1.836709923160e-40 
1.578196080678e-01 -1.692114156594e-01 -4.154109482123e-01 8.797125736428e-01 0.000000000000e+00 9.183549615799e-41 0.000000000000e+00 
1.611396579004e-01 -1.686388711447e-01 -4.156531252652e-01 8.791060352700e-01 0.000000000000e+00 0.000000000000e+00 1.836709923160e-40 
1.644947666363e-01 -1.684594597337e-01 -4.165075020573e-01 8.781141058573e-01 0.000000000000e+00 0.000000000000e+00 0.000000000000e+00 
